1 25 25
2 75 25
3 124 26
4 174 24
5 226 23
6 274 24
7 324 25
8 375 25
9 424 25
10 474 25
11 24 75
12 75 74
13 126 73
14 174 74
15 223 76
16 274 74
17 324 73
18 376 75
19 424 75
20 474 74
21 26 126
22 74 124
23 125 125
24 176 125
25 225 125
26 274 124
27 324 126
28 374 124
29 425 123
30 474 125
31 24 175
32 75 173
33 126 175
34 173 176
35 223 176
36 275 175
37 325 176
38 375 174
39 425 174
40 473 173
41 25 225
42 74 226
43 124 226
44 174 225
45 225 225
46 274 223
47 323 226
48 373 226
49 425 225
50 475 225
51 24 275
52 75 275
53 125 275
54 175 273
55 223 275
56 276 276
57 325 273
58 374 273
59 424 275
60 475 274
61 24 323
62 76 324
63 123 324
64 173 323
65 226 324
66 275 324
67 325 325
68 375 324
69 424 324
70 474 324
71 24 373
72 73 374
73 124 375
74 173 375
75 224 375
76 275 374
77 325 375
78 375 376
79 423 373
80 475 375
81 23 425
82 74 425
83 125 425
84 174 426
85 224 425
86 274 425
87 325 423
88 375 424
89 425 425
90 474 425
91 26 476
92 73 475
93 124 474
94 173 474
95 223 474
96 273 476
97 325 476
98 373 476
99 424 476
100 474 474
