1 34 34
2 105 35
3 176 34
4 247 35
5 320 36
6 391 36
7 461 34
8 34 106
9 105 106
10 177 105
11 249 106
12 319 107
13 389 106
14 461 106
15 35 178
16 107 178
17 178 177
18 247 176
19 320 177
20 391 177
21 461 177
22 34 249
23 107 248
24 178 248
25 248 247
26 320 247
27 390 247
28 461 247
29 36 318
30 105 319
31 177 320
32 248 318
33 319 319
34 389 320
35 462 319
36 34 390
37 107 389
38 177 390
39 247 391
40 318 390
41 391 389
42 462 390
43 34 460
44 107 461
45 178 460
46 249 460
47 320 461
48 391 460
49 460 460
