1 3 5
2 15 4
3 25 5
4 34 6
5 43 6
6 55 4
7 63 4
8 73 5
9 84 5
10 95 5
11 104 4
12 115 5
13 124 3
14 135 6
15 144 5
16 155 6
17 165 5
18 175 3
19 185 4
20 195 5
21 204 6
22 214 5
23 223 6
24 234 6
25 244 4
26 253 4
27 264 3
28 275 5
29 285 4
30 295 5
31 306 5
32 316 6
33 324 5
34 334 4
35 344 3
36 355 6
37 366 5
38 375 5
39 384 5
40 395 6
41 406 5
42 415 4
43 424 5
44 434 5
45 444 4
46 455 5
47 466 4
48 476 3
49 484 4
50 494 5
51 5 16
52 14 15
53 24 13
54 35 15
55 46 14
56 53 13
57 66 15
58 73 13
59 85 14
60 93 15
61 104 14
62 115 15
63 124 14
64 134 14
65 145 14
66 154 16
67 165 15
68 174 15
69 186 15
70 194 15
71 203 15
72 214 14
73 223 14
74 236 14
75 244 14
76 254 14
77 264 13
78 274 15
79 285 15
80 295 15
81 303 13
82 313 14
83 325 15
84 335 13
85 345 14
86 356 14
87 365 14
88 375 16
89 383 14
90 393 14
91 406 14
92 414 15
93 424 14
94 434 15
95 444 14
96 454 16
97 463 13
98 475 14
99 485 13
100 493 14
101 3 25
102 14 26
103 24 25
104 34 23
105 46 25
106 54 24
107 63 25
108 74 24
109 83 24
110 94 24
111 106 25
112 116 23
113 123 24
114 135 24
115 144 23
116 155 24
117 166 24
118 174 25
119 183 25
120 194 25
121 205 26
122 215 23
123 225 26
124 235 23
125 244 24
126 254 24
127 266 24
128 275 23
129 285 26
130 294 26
131 305 24
132 314 25
133 324 23
134 335 25
135 344 25
136 354 24
137 366 25
138 374 24
139 385 26
140 394 24
141 404 24
142 415 24
143 423 24
144 435 26
145 445 25
146 454 25
147 465 25
148 475 26
149 485 25
150 493 24
151 5 34
152 16 35
153 23 34
154 35 36
155 45 36
156 55 36
157 65 35
158 73 34
159 84 34
160 95 34
161 105 34
162 113 33
163 123 33
164 133 36
165 143 34
166 153 33
167 166 33
168 174 34
169 183 35
170 193 36
171 206 35
172 214 36
173 225 36
174 235 35
175 246 34
176 255 33
177 264 36
178 273 35
179 283 35
180 294 34
181 304 36
182 314 33
183 323 35
184 335 34
185 345 35
186 354 34
187 366 35
188 374 34
189 384 34
190 394 34
191 405 33
192 415 34
193 424 33
194 435 35
195 443 35
196 455 34
197 464 35
198 475 36
199 486 34
200 496 35
201 5 45
202 13 46
203 24 46
204 36 44
205 46 44
206 53 45
207 64 45
208 74 45
209 85 43
210 94 46
211 103 44
212 114 44
213 126 43
214 133 43
215 145 43
216 155 43
217 163 43
218 175 45
219 183 43
220 196 45
221 204 43
222 214 45
223 224 45
224 236 44
225 244 45
226 254 46
227 265 44
228 275 45
229 285 44
230 294 45
231 305 44
232 315 45
233 326 44
234 336 45
235 344 43
236 354 43
237 366 43
238 373 44
239 386 44
240 395 44
241 404 43
242 416 45
243 423 43
244 436 44
245 445 44
246 454 45
247 465 43
248 475 44
249 484 44
250 496 45
251 4 53
252 15 53
253 26 54
254 35 55
255 46 56
256 54 56
257 65 54
258 74 55
259 84 55
260 94 54
261 105 56
262 115 55
263 125 54
264 133 54
265 143 54
266 155 54
267 166 56
268 174 54
269 184 56
270 193 56
271 205 56
272 214 53
273 224 53
274 233 56
275 245 56
276 255 54
277 264 56
278 274 54
279 285 54
280 295 53
281 305 53
282 313 53
283 325 56
284 335 53
285 346 53
286 356 56
287 363 56
288 375 55
289 385 53
290 394 54
291 405 56
292 414 55
293 424 55
294 436 54
295 444 55
296 456 53
297 464 53
298 474 53
299 484 56
300 496 55
301 3 64
302 14 64
303 23 63
304 34 64
305 44 66
306 54 63
307 65 65
308 76 64
309 83 64
310 94 65
311 106 66
312 114 64
313 123 64
314 135 63
315 144 65
316 154 65
317 164 63
318 173 63
319 185 64
320 194 63
321 205 64
322 213 64
323 225 65
324 235 63
325 245 65
326 254 63
327 264 66
328 273 63
329 285 66
330 296 64
331 306 64
332 314 65
333 326 66
334 336 64
335 346 66
336 354 63
337 363 64
338 376 65
339 386 63
340 395 64
341 405 64
342 415 65
343 424 65
344 435 64
345 445 63
346 455 65
347 465 65
348 476 63
349 484 64
350 494 66
351 3 76
352 14 74
353 25 75
354 36 74
355 45 74
356 55 76
357 64 74
358 75 76
359 84 76
360 95 76
361 104 74
362 114 75
363 124 75
364 135 73
365 144 75
366 156 74
367 164 74
368 175 75
369 185 75
370 196 76
371 206 75
372 215 74
373 224 76
374 236 75
375 244 74
376 256 76
377 263 75
378 275 73
379 285 75
380 294 73
381 305 76
382 315 74
383 325 73
384 335 74
385 345 75
386 354 76
387 364 75
388 375 74
389 384 74
390 396 75
391 404 74
392 416 76
393 425 75
394 435 74
395 445 75
396 455 74
397 465 74
398 474 75
399 484 75
400 494 75
401 4 85
402 14 84
403 24 84
404 35 86
405 45 85
406 53 84
407 64 84
408 75 86
409 83 85
410 95 83
411 104 86
412 114 86
413 126 85
414 134 85
415 143 85
416 154 84
417 164 84
418 175 84
419 185 85
420 196 84
421 206 84
422 213 84
423 224 85
424 235 84
425 246 85
426 253 84
427 266 84
428 276 85
429 284 84
430 295 84
431 303 85
432 313 84
433 326 86
434 336 83
435 344 85
436 356 84
437 366 85
438 375 85
439 386 83
440 394 84
441 405 83
442 414 83
443 426 84
444 434 84
445 443 85
446 454 84
447 464 84
448 475 84
449 485 85
450 496 85
451 3 95
452 14 94
453 24 94
454 34 96
455 44 94
456 54 94
457 64 94
458 74 95
459 83 94
460 94 95
461 104 95
462 116 96
463 124 96
464 135 95
465 145 93
466 154 93
467 164 93
468 175 95
469 184 95
470 193 96
471 206 95
472 213 94
473 224 96
474 234 95
475 245 93
476 253 95
477 265 96
478 274 94
479 284 94
480 296 95
481 306 95
482 314 95
483 325 96
484 335 94
485 346 96
486 355 95
487 364 95
488 376 95
489 384 95
490 394 95
491 405 93
492 414 95
493 426 96
494 436 95
495 445 95
496 456 93
497 464 94
498 475 96
499 484 93
500 495 96
501 4 106
502 15 106
503 23 106
504 35 106
505 45 106
506 56 103
507 65 104
508 75 105
509 85 104
510 96 105
511 104 106
512 115 105
513 124 106
514 133 104
515 143 103
516 154 104
517 165 104
518 174 103
519 186 103
520 195 105
521 204 103
522 215 105
523 224 105
524 235 106
525 245 103
526 254 104
527 265 104
528 275 103
529 285 106
530 294 105
531 303 103
532 314 105
533 325 106
534 334 105
535 345 105
536 354 103
537 364 103
538 375 104
539 386 104
540 393 106
541 404 104
542 414 104
543 425 106
544 433 103
545 445 105
546 454 103
547 464 105
548 475 106
549 485 106
550 495 105
551 4 114
552 14 115
553 23 115
554 34 114
555 46 115
556 55 116
557 64 116
558 75 115
559 85 114
560 95 116
561 104 115
562 115 115
563 123 116
564 134 115
565 144 113
566 155 116
567 163 113
568 175 114
569 184 116
570 193 115
571 206 115
572 216 115
573 225 114
574 234 116
575 244 114
576 253 114
577 264 114
578 274 113
579 283 114
580 295 113
581 304 115
582 314 114
583 326 114
584 336 116
585 344 116
586 355 116
587 366 113
588 374 114
589 385 115
590 394 116
591 405 114
592 416 115
593 425 114
594 433 116
595 445 114
596 456 115
597 466 113
598 475 114
599 485 116
600 493 113
601 4 126
602 16 125
603 25 124
604 35 125
605 44 125
606 54 125
607 66 124
608 76 123
609 85 123
610 94 124
611 105 125
612 113 126
613 126 126
614 135 123
615 145 125
616 155 125
617 165 123
618 174 124
619 184 125
620 195 124
621 205 124
622 214 125
623 225 124
624 233 124
625 244 124
626 256 124
627 264 124
628 273 126
629 283 126
630 294 125
631 305 123
632 314 124
633 324 125
634 334 124
635 346 124
636 355 124
637 366 123
638 375 124
639 386 125
640 394 125
641 404 125
642 413 124
643 426 125
644 435 124
645 443 125
646 455 125
647 464 126
648 474 124
649 485 124
650 496 123
651 3 135
652 14 136
653 24 134
654 34 134
655 43 134
656 55 134
657 65 134
658 76 136
659 83 133
660 94 133
661 104 136
662 116 135
663 124 133
664 136 133
665 145 133
666 155 134
667 164 135
668 174 136
669 186 134
670 195 134
671 204 135
672 216 133
673 226 134
674 233 135
675 245 136
676 256 134
677 266 134
678 273 135
679 283 134
680 295 134
681 304 135
682 314 135
683 324 136
684 333 136
685 344 134
686 354 134
687 365 135
688 374 134
689 385 135
690 395 136
691 405 136
692 414 133
693 425 136
694 434 133
695 445 135
696 454 136
697 465 135
698 475 135
699 484 135
700 495 133
701 4 143
702 14 143
703 24 145
704 36 145
705 44 144
706 55 143
707 64 144
708 73 146
709 84 145
710 93 145
711 104 145
712 114 145
713 124 144
714 134 144
715 146 145
716 154 143
717 165 144
718 175 145
719 183 146
720 194 146
721 205 145
722 214 145
723 224 146
724 234 143
725 243 144
726 255 143
727 266 144
728 274 145
729 284 144
730 295 144
731 303 145
732 314 143
733 324 145
734 334 144
735 345 144
736 354 144
737 364 144
738 373 144
739 383 143
740 395 145
741 405 144
742 414 145
743 425 145
744 435 144
745 444 146
746 455 143
747 466 145
748 476 145
749 483 144
750 495 144
751 3 155
752 16 155
753 25 156
754 34 155
755 44 156
756 55 154
757 64 155
758 74 154
759 84 155
760 96 155
761 105 154
762 115 154
763 126 155
764 135 156
765 145 155
766 154 154
767 164 154
768 174 155
769 183 156
770 193 155
771 205 154
772 214 154
773 224 154
774 233 154
775 246 155
776 255 155
777 264 154
778 275 156
779 285 153
780 293 155
781 304 156
782 314 155
783 324 154
784 334 155
785 343 156
786 356 153
787 363 154
788 375 156
789 384 154
790 395 154
791 404 154
792 413 155
793 424 154
794 434 153
795 444 154
796 455 154
797 465 155
798 476 156
799 483 154
800 496 153
801 4 164
802 14 165
803 24 164
804 35 165
805 44 165
806 54 164
807 65 164
808 73 165
809 86 165
810 96 164
811 105 165
812 114 166
813 123 163
814 133 163
815 144 164
816 154 165
817 165 165
818 174 164
819 183 165
820 193 164
821 204 166
822 214 164
823 226 165
824 235 165
825 245 165
826 254 164
827 263 166
828 274 165
829 286 164
830 295 164
831 303 164
832 315 166
833 325 164
834 336 164
835 344 163
836 355 164
837 363 163
838 374 165
839 385 163
840 395 165
841 405 163
842 415 164
843 424 164
844 435 163
845 446 164
846 455 163
847 463 166
848 474 165
849 485 163
850 496 165
851 5 175
852 15 173
853 24 173
854 34 173
855 45 174
856 54 173
857 64 174
858 75 175
859 86 174
860 94 176
861 104 174
862 115 174
863 124 174
864 134 173
865 144 175
866 153 173
867 164 174
868 174 174
869 185 174
870 195 175
871 204 174
872 215 174
873 226 174
874 235 175
875 245 175
876 255 175
877 264 173
878 273 175
879 286 176
880 296 176
881 305 176
882 314 173
883 324 174
884 334 175
885 344 174
886 353 175
887 365 176
888 376 176
889 385 173
890 395 173
891 404 176
892 415 174
893 425 176
894 433 175
895 445 175
896 455 174
897 464 175
898 475 173
899 483 174
900 495 176
901 5 185
902 15 184
903 24 183
904 34 185
905 44 185
906 55 184
907 66 185
908 75 184
909 84 183
910 94 186
911 104 184
912 113 185
913 124 186
914 136 186
915 144 184
916 156 183
917 165 184
918 174 185
919 185 186
920 195 185
921 205 185
922 215 184
923 225 184
924 234 183
925 244 184
926 255 184
927 264 186
928 273 183
929 283 185
930 293 184
931 306 185
932 313 184
933 325 184
934 333 183
935 344 184
936 353 185
937 365 185
938 373 185
939 383 184
940 393 183
941 403 185
942 414 186
943 424 185
944 435 184
945 444 184
946 455 186
947 463 184
948 475 186
949 483 185
950 494 185
951 5 195
952 14 195
953 24 193
954 36 195
955 44 195
956 55 194
957 63 195
958 75 196
959 84 194
960 95 193
961 104 193
962 113 194
963 125 193
964 134 196
965 146 194
966 156 194
967 165 194
968 173 193
969 184 194
970 196 194
971 205 194
972 215 195
973 226 193
974 235 195
975 245 195
976 254 194
977 264 195
978 275 195
979 283 195
980 294 196
981 305 194
982 315 195
983 324 195
984 334 193
985 344 193
986 355 195
987 365 193
988 375 195
989 384 195
990 394 194
991 404 195
992 414 196
993 423 194
994 433 194
995 444 195
996 454 193
997 464 196
998 475 195
999 484 196
1000 493 195
1001 4 206
1002 13 203
1003 23 205
1004 34 205
1005 44 206
1006 54 203
1007 64 203
1008 73 203
1009 86 204
1010 95 206
1011 105 203
1012 114 203
1013 125 206
1014 136 203
1015 144 206
1016 154 205
1017 165 204
1018 174 204
1019 184 204
1020 194 205
1021 205 206
1022 215 204
1023 226 204
1024 234 206
1025 243 205
1026 254 205
1027 263 205
1028 275 204
1029 283 203
1030 295 204
1031 303 205
1032 313 204
1033 326 204
1034 334 205
1035 345 204
1036 355 204
1037 365 203
1038 374 206
1039 385 205
1040 394 204
1041 405 203
1042 415 205
1043 424 206
1044 434 206
1045 446 204
1046 454 206
1047 463 203
1048 476 205
1049 485 205
1050 496 206
1051 6 214
1052 13 214
1053 24 214
1054 35 214
1055 46 214
1056 55 214
1057 64 214
1058 75 216
1059 86 214
1060 95 215
1061 103 215
1062 115 215
1063 123 214
1064 133 214
1065 144 215
1066 153 216
1067 164 214
1068 173 215
1069 185 214
1070 195 214
1071 204 214
1072 215 213
1073 224 213
1074 235 216
1075 245 214
1076 253 214
1077 265 215
1078 275 214
1079 284 214
1080 293 215
1081 305 214
1082 316 214
1083 325 214
1084 334 213
1085 343 215
1086 353 216
1087 364 215
1088 376 216
1089 384 214
1090 396 215
1091 405 215
1092 415 214
1093 423 214
1094 436 214
1095 445 215
1096 455 214
1097 464 215
1098 473 214
1099 486 213
1100 494 213
1101 5 225
1102 14 226
1103 24 224
1104 33 223
1105 44 225
1106 55 225
1107 65 225
1108 73 224
1109 84 224
1110 96 224
1111 106 224
1112 113 224
1113 125 225
1114 134 224
1115 143 226
1116 155 225
1117 164 224
1118 176 225
1119 184 224
1120 193 225
1121 205 224
1122 215 225
1123 223 226
1124 235 225
1125 245 226
1126 254 226
1127 264 225
1128 275 224
1129 285 223
1130 295 224
1131 304 226
1132 316 225
1133 326 223
1134 335 224
1135 344 226
1136 354 225
1137 364 224
1138 375 226
1139 385 225
1140 394 224
1141 405 224
1142 414 226
1143 424 225
1144 434 224
1145 445 224
1146 455 224
1147 466 224
1148 475 225
1149 484 226
1150 495 224
1151 4 235
1152 16 233
1153 25 234
1154 33 235
1155 44 236
1156 54 235
1157 66 234
1158 75 234
1159 85 234
1160 94 236
1161 103 236
1162 115 234
1163 123 235
1164 134 234
1165 143 236
1166 155 235
1167 163 234
1168 175 236
1169 184 236
1170 194 235
1171 205 234
1172 213 234
1173 226 235
1174 235 233
1175 245 234
1176 255 235
1177 266 236
1178 275 234
1179 286 236
1180 295 235
1181 303 235
1182 315 233
1183 324 234
1184 334 234
1185 345 235
1186 353 236
1187 363 234
1188 375 236
1189 384 235
1190 393 233
1191 405 233
1192 416 234
1193 425 234
1194 433 234
1195 444 235
1196 454 236
1197 465 233
1198 475 235
1199 485 236
1200 495 234
1201 4 246
1202 13 246
1203 24 243
1204 34 246
1205 44 243
1206 54 243
1207 64 245
1208 75 246
1209 83 245
1210 93 245
1211 105 243
1212 113 245
1213 124 245
1214 135 246
1215 145 246
1216 155 243
1217 165 244
1218 176 246
1219 185 243
1220 194 244
1221 206 243
1222 215 243
1223 225 244
1224 236 245
1225 246 243
1226 254 244
1227 264 244
1228 275 244
1229 285 244
1230 295 244
1231 306 245
1232 315 245
1233 323 244
1234 335 244
1235 345 243
1236 354 244
1237 365 244
1238 375 244
1239 384 245
1240 394 246
1241 403 244
1242 414 243
1243 425 245
1244 436 244
1245 443 245
1246 456 245
1247 463 245
1248 476 243
1249 485 244
1250 494 243
1251 5 253
1252 15 253
1253 24 254
1254 33 254
1255 45 256
1256 56 254
1257 64 253
1258 75 253
1259 85 254
1260 95 255
1261 104 256
1262 114 256
1263 126 256
1264 135 256
1265 145 253
1266 155 256
1267 164 253
1268 174 255
1269 184 254
1270 195 255
1271 205 256
1272 213 254
1273 225 253
1274 235 254
1275 243 256
1276 256 255
1277 264 254
1278 276 256
1279 286 253
1280 294 254
1281 303 256
1282 316 255
1283 323 254
1284 334 255
1285 344 255
1286 353 255
1287 366 256
1288 374 255
1289 386 256
1290 393 253
1291 404 253
1292 415 256
1293 425 256
1294 435 253
1295 444 255
1296 454 255
1297 465 253
1298 474 256
1299 485 255
1300 494 253
1301 4 266
1302 16 265
1303 24 265
1304 33 264
1305 43 264
1306 55 266
1307 65 263
1308 73 264
1309 84 265
1310 95 264
1311 104 264
1312 115 264
1313 124 265
1314 134 264
1315 144 265
1316 154 264
1317 163 266
1318 175 266
1319 186 264
1320 195 265
1321 204 264
1322 215 264
1323 226 266
1324 234 263
1325 244 263
1326 255 264
1327 263 264
1328 273 264
1329 283 265
1330 294 266
1331 306 265
1332 315 266
1333 325 264
1334 333 265
1335 343 264
1336 353 263
1337 365 265
1338 374 265
1339 385 266
1340 395 264
1341 406 263
1342 413 264
1343 425 266
1344 434 263
1345 446 266
1346 455 265
1347 463 265
1348 474 265
1349 483 264
1350 495 266
1351 6 275
1352 13 275
1353 24 275
1354 35 276
1355 45 273
1356 53 276
1357 64 275
1358 75 276
1359 86 276
1360 96 274
1361 106 273
1362 113 275
1363 124 274
1364 133 275
1365 146 274
1366 154 276
1367 164 273
1368 173 274
1369 184 274
1370 194 276
1371 203 273
1372 216 276
1373 224 275
1374 234 274
1375 244 276
1376 254 273
1377 264 274
1378 276 274
1379 285 274
1380 295 276
1381 304 274
1382 314 274
1383 325 273
1384 333 274
1385 343 274
1386 354 274
1387 365 275
1388 374 275
1389 386 275
1390 395 275
1391 404 275
1392 415 275
1393 425 276
1394 434 274
1395 443 273
1396 455 275
1397 464 274
1398 475 276
1399 484 273
1400 495 274
1401 3 283
1402 15 285
1403 25 283
1404 34 285
1405 45 283
1406 55 286
1407 64 285
1408 73 284
1409 83 284
1410 94 286
1411 104 286
1412 116 286
1413 124 286
1414 135 286
1415 144 284
1416 154 283
1417 163 284
1418 175 284
1419 184 284
1420 193 283
1421 205 284
1422 213 283
1423 225 286
1424 233 285
1425 245 284
1426 254 284
1427 265 284
1428 275 285
1429 285 286
1430 296 283
1431 306 283
1432 313 285
1433 323 284
1434 333 284
1435 344 284
1436 354 286
1437 364 285
1438 373 285
1439 384 284
1440 393 285
1441 405 284
1442 414 286
1443 424 283
1444 435 285
1445 446 285
1446 455 284
1447 464 285
1448 474 284
1449 484 284
1450 495 284
1451 4 293
1452 14 294
1453 24 295
1454 35 294
1455 44 295
1456 55 294
1457 63 294
1458 75 296
1459 83 293
1460 93 295
1461 104 294
1462 114 295
1463 124 295
1464 136 294
1465 145 296
1466 156 294
1467 164 295
1468 175 295
1469 186 294
1470 194 294
1471 205 296
1472 216 295
1473 224 294
1474 235 296
1475 244 294
1476 255 294
1477 266 295
1478 276 294
1479 285 293
1480 293 294
1481 306 294
1482 316 293
1483 324 294
1484 334 296
1485 345 296
1486 354 294
1487 364 293
1488 374 296
1489 385 295
1490 395 293
1491 404 294
1492 415 294
1493 423 293
1494 434 293
1495 444 296
1496 453 294
1497 464 293
1498 475 295
1499 485 294
1500 495 295
1501 3 305
1502 16 305
1503 25 305
1504 34 306
1505 43 304
1506 53 304
1507 64 306
1508 75 305
1509 84 305
1510 94 306
1511 105 305
1512 115 304
1513 125 305
1514 135 304
1515 145 304
1516 156 305
1517 165 305
1518 174 304
1519 185 306
1520 194 306
1521 203 303
1522 215 303
1523 223 305
1524 235 303
1525 243 306
1526 256 304
1527 264 306
1528 274 303
1529 286 303
1530 294 306
1531 304 305
1532 314 305
1533 324 305
1534 334 304
1535 345 303
1536 355 303
1537 365 303
1538 375 304
1539 385 306
1540 396 304
1541 406 304
1542 415 303
1543 424 306
1544 436 304
1545 446 305
1546 453 303
1547 463 304
1548 475 303
1549 484 305
1550 493 305
1551 5 315
1552 16 314
1553 24 313
1554 35 315
1555 46 314
1556 54 313
1557 64 315
1558 73 315
1559 85 315
1560 95 315
1561 104 313
1562 114 314
1563 123 316
1564 134 314
1565 145 315
1566 154 314
1567 166 315
1568 175 313
1569 184 316
1570 195 314
1571 203 315
1572 215 315
1573 224 313
1574 233 313
1575 246 313
1576 253 315
1577 265 314
1578 276 315
1579 285 315
1580 294 314
1581 303 314
1582 315 314
1583 326 316
1584 335 315
1585 345 315
1586 354 315
1587 366 315
1588 376 315
1589 384 316
1590 395 316
1591 404 315
1592 415 315
1593 424 315
1594 435 314
1595 445 316
1596 455 315
1597 466 315
1598 476 315
1599 483 314
1600 494 314
1601 4 323
1602 15 324
1603 24 326
1604 36 325
1605 46 325
1606 55 324
1607 65 325
1608 73 325
1609 84 326
1610 93 326
1611 106 325
1612 114 326
1613 124 324
1614 133 326
1615 144 326
1616 155 325
1617 166 326
1618 174 325
1619 185 324
1620 195 326
1621 204 324
1622 215 324
1623 223 325
1624 235 323
1625 245 324
1626 253 326
1627 263 323
1628 274 326
1629 284 325
1630 294 326
1631 305 324
1632 314 324
1633 326 325
1634 335 325
1635 344 324
1636 353 323
1637 364 326
1638 374 323
1639 383 326
1640 394 326
1641 406 325
1642 415 324
1643 424 325
1644 434 325
1645 444 325
1646 453 324
1647 464 323
1648 475 325
1649 486 324
1650 495 326
1651 4 335
1652 14 334
1653 26 334
1654 34 335
1655 43 334
1656 54 336
1657 64 334
1658 75 333
1659 85 334
1660 95 335
1661 104 334
1662 115 334
1663 125 334
1664 136 335
1665 144 335
1666 155 334
1667 166 334
1668 175 334
1669 184 335
1670 195 334
1671 204 334
1672 215 335
1673 224 333
1674 235 333
1675 245 335
1676 255 336
1677 264 335
1678 276 335
1679 284 334
1680 293 335
1681 304 333
1682 313 335
1683 323 335
1684 335 335
1685 345 334
1686 354 334
1687 365 335
1688 374 334
1689 383 335
1690 395 335
1691 405 335
1692 414 333
1693 424 335
1694 435 334
1695 445 333
1696 454 335
1697 465 335
1698 475 334
1699 484 336
1700 496 333
1701 3 343
1702 15 345
1703 25 346
1704 34 345
1705 44 343
1706 55 343
1707 65 344
1708 76 346
1709 85 345
1710 95 344
1711 103 346
1712 115 343
1713 124 344
1714 133 345
1715 143 344
1716 154 344
1717 164 343
1718 175 344
1719 185 346
1720 195 344
1721 205 345
1722 216 344
1723 223 345
1724 233 345
1725 244 345
1726 253 345
1727 265 345
1728 274 344
1729 285 346
1730 293 345
1731 304 344
1732 313 344
1733 325 346
1734 336 344
1735 343 343
1736 354 344
1737 366 344
1738 376 344
1739 383 344
1740 394 343
1741 404 346
1742 414 346
1743 425 344
1744 434 343
1745 443 345
1746 456 343
1747 465 344
1748 475 344
1749 485 345
1750 496 345
1751 5 354
1752 15 355
1753 25 356
1754 34 354
1755 45 355
1756 56 353
1757 65 354
1758 74 355
1759 85 356
1760 94 355
1761 104 355
1762 114 356
1763 125 355
1764 133 355
1765 146 355
1766 155 353
1767 164 356
1768 173 355
1769 185 353
1770 195 354
1771 203 356
1772 215 353
1773 224 355
1774 236 353
1775 245 356
1776 254 355
1777 266 354
1778 273 356
1779 285 354
1780 294 354
1781 305 354
1782 314 356
1783 324 355
1784 335 356
1785 345 356
1786 356 355
1787 365 355
1788 375 356
1789 384 354
1790 394 355
1791 404 355
1792 415 355
1793 425 354
1794 435 354
1795 443 354
1796 455 355
1797 464 354
1798 475 354
1799 484 355
1800 496 355
1801 5 363
1802 13 365
1803 24 364
1804 34 364
1805 46 364
1806 55 364
1807 64 366
1808 74 363
1809 84 364
1810 94 365
1811 104 363
1812 115 364
1813 125 364
1814 135 363
1815 146 364
1816 153 365
1817 164 365
1818 175 366
1819 184 365
1820 193 365
1821 204 366
1822 215 365
1823 225 365
1824 233 364
1825 246 365
1826 255 363
1827 264 364
1828 276 365
1829 283 365
1830 294 365
1831 306 365
1832 314 365
1833 326 365
1834 334 365
1835 343 364
1836 354 365
1837 364 366
1838 373 364
1839 385 364
1840 394 364
1841 406 363
1842 415 366
1843 424 365
1844 436 364
1845 444 365
1846 454 365
1847 464 365
1848 474 364
1849 484 365
1850 496 365
1851 3 374
1852 14 374
1853 26 375
1854 34 374
1855 43 376
1856 53 375
1857 65 374
1858 73 375
1859 84 374
1860 96 375
1861 104 375
1862 116 374
1863 126 374
1864 135 376
1865 144 375
1866 154 373
1867 163 375
1868 174 374
1869 184 374
1870 196 374
1871 203 374
1872 214 375
1873 224 376
1874 234 374
1875 245 373
1876 254 375
1877 264 374
1878 275 374
1879 283 373
1880 294 376
1881 305 374
1882 316 375
1883 323 374
1884 335 373
1885 344 373
1886 353 375
1887 366 375
1888 374 373
1889 385 374
1890 396 374
1891 404 373
1892 413 374
1893 425 374
1894 434 375
1895 444 375
1896 454 373
1897 463 375
1898 476 373
1899 484 374
1900 496 376
1901 4 384
1902 15 385
1903 25 385
1904 35 385
1905 45 386
1906 56 384
1907 66 385
1908 74 385
1909 84 386
1910 94 384
1911 103 383
1912 115 383
1913 123 385
1914 133 384
1915 144 385
1916 156 384
1917 164 383
1918 174 386
1919 184 384
1920 195 386
1921 205 383
1922 214 385
1923 224 384
1924 236 385
1925 244 386
1926 255 383
1927 264 386
1928 273 385
1929 286 384
1930 294 383
1931 306 385
1932 316 385
1933 324 383
1934 333 386
1935 345 384
1936 355 385
1937 366 385
1938 375 384
1939 385 385
1940 394 384
1941 405 385
1942 413 384
1943 426 386
1944 436 385
1945 444 385
1946 454 384
1947 465 385
1948 474 383
1949 484 383
1950 494 385
1951 4 394
1952 15 395
1953 26 396
1954 34 393
1955 44 394
1956 55 394
1957 65 394
1958 74 395
1959 83 395
1960 96 394
1961 105 394
1962 115 394
1963 123 395
1964 133 395
1965 145 394
1966 153 396
1967 166 395
1968 174 394
1969 184 396
1970 194 395
1971 204 393
1972 215 396
1973 225 393
1974 234 395
1975 244 393
1976 254 396
1977 264 394
1978 274 394
1979 283 394
1980 293 395
1981 305 394
1982 316 395
1983 326 395
1984 336 395
1985 345 393
1986 355 395
1987 365 396
1988 375 396
1989 385 396
1990 394 394
1991 404 395
1992 413 395
1993 425 395
1994 435 396
1995 444 394
1996 453 393
1997 464 393
1998 475 395
1999 484 395
2000 495 394
2001 6 403
2002 14 404
2003 26 403
2004 33 403
2005 44 406
2006 54 405
2007 66 406
2008 74 403
2009 83 404
2010 95 405
2011 106 405
2012 114 405
2013 124 406
2014 135 405
2015 146 403
2016 154 405
2017 164 405
2018 176 404
2019 186 406
2020 194 403
2021 206 406
2022 215 406
2023 224 405
2024 235 403
2025 246 405
2026 254 405
2027 263 406
2028 273 404
2029 286 406
2030 296 404
2031 305 405
2032 315 406
2033 325 404
2034 333 405
2035 345 406
2036 354 405
2037 364 404
2038 376 404
2039 385 404
2040 396 404
2041 406 405
2042 415 403
2043 426 406
2044 433 406
2045 446 404
2046 454 404
2047 464 403
2048 474 405
2049 485 403
2050 494 405
2051 4 413
2052 15 414
2053 25 413
2054 36 413
2055 43 415
2056 55 414
2057 63 413
2058 75 414
2059 85 414
2060 94 414
2061 104 413
2062 113 416
2063 125 415
2064 135 413
2065 146 413
2066 155 414
2067 166 415
2068 174 414
2069 184 415
2070 195 414
2071 206 413
2072 214 413
2073 225 415
2074 234 414
2075 244 416
2076 255 415
2077 264 416
2078 275 413
2079 284 415
2080 296 413
2081 305 416
2082 313 415
2083 325 415
2084 335 414
2085 344 414
2086 355 415
2087 364 415
2088 375 415
2089 385 415
2090 394 414
2091 406 413
2092 415 415
2093 425 415
2094 435 414
2095 445 415
2096 456 416
2097 466 414
2098 475 414
2099 484 415
2100 494 415
2101 4 424
2102 15 426
2103 25 425
2104 34 425
2105 44 426
2106 54 424
2107 63 423
2108 73 425
2109 85 425
2110 93 424
2111 104 426
2112 116 425
2113 123 423
2114 135 426
2115 144 423
2116 153 425
2117 164 424
2118 175 424
2119 184 424
2120 194 425
2121 204 425
2122 214 424
2123 225 423
2124 234 424
2125 244 423
2126 254 426
2127 265 425
2128 276 426
2129 285 423
2130 295 426
2131 305 425
2132 313 426
2133 325 424
2134 334 426
2135 344 425
2136 355 426
2137 365 425
2138 373 425
2139 384 426
2140 395 423
2141 405 426
2142 414 425
2143 423 425
2144 433 425
2145 443 425
2146 454 423
2147 465 425
2148 474 423
2149 486 425
2150 495 425
2151 5 434
2152 14 434
2153 24 434
2154 33 434
2155 44 434
2156 56 434
2157 65 434
2158 75 433
2159 83 436
2160 95 434
2161 106 436
2162 116 434
2163 124 433
2164 135 434
2165 145 435
2166 156 434
2167 165 434
2168 176 435
2169 183 435
2170 195 433
2171 205 435
2172 216 436
2173 225 434
2174 236 436
2175 243 435
2176 253 435
2177 266 433
2178 274 433
2179 284 433
2180 294 434
2181 306 433
2182 315 433
2183 324 436
2184 336 434
2185 345 435
2186 355 434
2187 365 435
2188 375 436
2189 383 436
2190 394 436
2191 403 433
2192 414 435
2193 423 434
2194 435 435
2195 445 435
2196 455 435
2197 465 436
2198 475 435
2199 484 435
2200 496 436
2201 4 445
2202 15 444
2203 24 445
2204 33 445
2205 44 443
2206 55 443
2207 64 443
2208 75 445
2209 86 444
2210 94 444
2211 105 444
2212 116 443
2213 125 444
2214 136 443
2215 145 445
2216 154 446
2217 163 444
2218 173 446
2219 183 446
2220 196 445
2221 205 444
2222 214 444
2223 226 445
2224 234 444
2225 243 444
2226 253 443
2227 265 446
2228 274 445
2229 283 445
2230 294 443
2231 305 445
2232 315 445
2233 325 444
2234 335 445
2235 345 446
2236 355 445
2237 364 446
2238 376 445
2239 386 444
2240 395 444
2241 404 445
2242 415 444
2243 425 446
2244 433 445
2245 446 445
2246 455 444
2247 463 446
2248 476 445
2249 486 444
2250 495 445
2251 5 453
2252 15 454
2253 24 454
2254 35 455
2255 44 454
2256 56 455
2257 65 454
2258 73 455
2259 85 454
2260 94 454
2261 103 454
2262 114 456
2263 124 454
2264 135 453
2265 144 454
2266 154 455
2267 165 453
2268 175 454
2269 186 454
2270 195 453
2271 203 454
2272 214 456
2273 225 454
2274 234 455
2275 244 456
2276 253 454
2277 263 455
2278 275 456
2279 285 456
2280 295 454
2281 304 455
2282 314 454
2283 324 454
2284 335 455
2285 345 454
2286 355 454
2287 366 453
2288 374 455
2289 384 453
2290 394 456
2291 403 453
2292 413 456
2293 426 455
2294 433 455
2295 444 454
2296 455 455
2297 466 455
2298 475 454
2299 484 454
2300 493 453
2301 4 464
2302 16 464
2303 24 463
2304 33 463
2305 44 465
2306 53 466
2307 63 465
2308 75 464
2309 86 465
2310 96 464
2311 104 466
2312 114 464
2313 124 465
2314 135 464
2315 144 464
2316 156 465
2317 166 464
2318 175 466
2319 184 466
2320 195 465
2321 204 465
2322 215 464
2323 226 464
2324 234 464
2325 245 465
2326 254 465
2327 264 466
2328 274 464
2329 285 463
2330 295 464
2331 305 464
2332 315 466
2333 326 465
2334 334 464
2335 344 463
2336 355 465
2337 364 465
2338 373 464
2339 383 464
2340 393 466
2341 403 463
2342 414 465
2343 424 464
2344 434 465
2345 444 464
2346 454 465
2347 465 465
2348 473 465
2349 484 466
2350 496 465
2351 4 476
2352 15 474
2353 24 475
2354 34 475
2355 43 475
2356 55 476
2357 66 474
2358 76 475
2359 85 475
2360 94 473
2361 104 476
2362 113 474
2363 123 473
2364 135 474
2365 144 473
2366 156 474
2367 164 474
2368 173 476
2369 186 476
2370 193 475
2371 205 476
2372 215 475
2373 223 474
2374 233 476
2375 243 475
2376 254 475
2377 266 473
2378 275 474
2379 286 476
2380 294 474
2381 305 474
2382 314 476
2383 325 476
2384 335 475
2385 344 475
2386 354 473
2387 363 476
2388 373 475
2389 386 474
2390 394 476
2391 403 474
2392 415 475
2393 424 475
2394 434 475
2395 445 475
2396 455 474
2397 463 474
2398 475 474
2399 485 474
2400 495 476
2401 4 483
2402 16 486
2403 24 486
2404 34 485
2405 45 486
2406 54 484
2407 64 486
2408 74 485
2409 83 486
2410 94 483
2411 106 484
2412 114 483
2413 125 486
2414 134 485
2415 145 484
2416 155 486
2417 166 484
2418 174 484
2419 183 483
2420 194 484
2421 204 485
2422 216 485
2423 226 484
2424 234 485
2425 243 485
2426 253 486
2427 266 485
2428 274 484
2429 285 484
2430 294 484
2431 306 484
2432 315 485
2433 325 485
2434 335 485
2435 346 485
2436 354 483
2437 365 486
2438 373 483
2439 383 486
2440 395 483
2441 404 485
2442 415 486
2443 424 486
2444 434 485
2445 446 485
2446 455 483
2447 464 485
2448 476 485
2449 484 483
2450 495 483
2451 5 495
2452 13 495
2453 25 496
2454 34 495
2455 45 495
2456 55 494
2457 64 495
2458 76 495
2459 84 495
2460 94 496
2461 105 494
2462 113 494
2463 124 496
2464 135 495
2465 144 495
2466 155 494
2467 163 495
2468 175 496
2469 183 495
2470 195 494
2471 205 494
2472 213 496
2473 226 495
2474 234 493
2475 245 496
2476 253 495
2477 265 495
2478 275 494
2479 285 494
2480 295 495
2481 304 493
2482 316 493
2483 325 493
2484 334 495
2485 345 495
2486 355 495
2487 365 494
2488 375 496
2489 386 495
2490 393 495
2491 404 494
2492 414 495
2493 423 493
2494 435 494
2495 446 495
2496 454 496
2497 464 495
2498 476 494
2499 484 496
2500 496 495
