1 10 9
2 32 10
3 55 11
4 76 12
5 98 11
6 121 12
7 142 9
8 166 11
9 187 11
10 208 9
11 231 9
12 253 12
13 276 9
14 298 12
15 320 10
16 342 9
17 363 10
18 383 10
19 405 10
20 428 11
21 450 10
22 473 9
23 11 34
24 31 33
25 54 31
26 78 33
27 99 31
28 122 33
29 143 33
30 163 33
31 188 32
32 208 31
33 231 32
34 252 33
35 274 33
36 296 33
37 320 33
38 340 33
39 362 33
40 384 32
41 408 33
42 430 34
43 451 33
44 474 32
45 12 55
46 32 54
47 55 56
48 77 54
49 100 54
50 120 53
51 141 53
52 166 55
53 187 53
54 209 56
55 230 54
56 252 54
57 274 54
58 298 53
59 320 54
60 339 55
61 362 56
62 384 55
63 407 54
64 430 54
65 449 55
66 473 54
67 10 76
68 34 76
69 54 77
70 77 78
71 99 78
72 120 77
73 142 77
74 165 77
75 186 78
76 210 76
77 231 78
78 254 77
79 276 77
80 298 76
81 317 76
82 341 77
83 363 78
84 385 78
85 405 76
86 429 77
87 451 77
88 474 76
89 10 99
90 33 99
91 55 97
92 76 98
93 99 99
94 122 99
95 142 100
96 165 98
97 185 99
98 209 100
99 230 98
100 252 100
101 273 97
102 296 98
103 317 99
104 340 99
105 362 98
106 385 98
107 408 98
108 428 99
109 451 99
110 472 98
111 10 121
112 32 121
113 55 121
114 76 121
115 98 122
116 121 120
117 143 122
118 163 120
119 185 122
120 210 119
121 232 122
122 251 119
123 274 120
124 296 119
125 318 121
126 340 121
127 363 121
128 386 122
129 407 120
130 429 121
131 450 121
132 472 119
133 12 141
134 33 141
135 53 143
136 76 142
137 99 142
138 121 141
139 142 143
140 164 144
141 185 144
142 208 143
143 230 144
144 253 141
145 276 144
146 297 143
147 318 143
148 342 141
149 361 143
150 383 141
151 407 141
152 428 142
153 451 144
154 474 144
155 12 164
156 33 165
157 55 166
158 76 164
159 98 164
160 120 163
161 144 166
162 164 163
163 186 163
164 207 166
165 230 164
166 253 166
167 274 166
168 295 163
169 317 163
170 339 163
171 364 164
172 385 165
173 408 166
174 429 163
175 452 163
176 472 165
177 10 187
178 34 186
179 54 188
180 76 186
181 97 188
182 120 186
183 144 186
184 165 187
185 187 186
186 209 186
187 230 185
188 253 187
189 275 186
190 295 187
191 319 185
192 340 187
193 363 185
194 385 188
195 405 186
196 428 188
197 449 185
198 474 185
199 12 209
200 33 208
201 54 207
202 78 209
203 98 210
204 119 207
205 142 207
206 163 209
207 187 207
208 209 210
209 231 209
210 254 208
211 275 208
212 295 209
213 319 209
214 340 209
215 361 208
216 383 207
217 406 209
218 429 207
219 451 208
220 473 210
221 10 232
222 33 231
223 54 230
224 75 232
225 97 229
226 120 229
227 142 229
228 164 231
229 187 230
230 207 231
231 231 231
232 253 231
233 274 231
234 298 231
235 319 230
236 341 231
237 363 232
238 384 229
239 408 230
240 429 232
241 451 229
242 473 231
243 9 253
244 31 252
245 54 254
246 76 253
247 97 253
248 120 254
249 144 253
250 163 254
251 185 252
252 210 254
253 230 253
254 254 253
255 275 251
256 296 253
257 319 254
258 341 254
259 362 253
260 384 251
261 407 253
262 429 251
263 450 253
264 473 254
265 11 273
266 32 273
267 56 274
268 75 273
269 99 274
270 120 274
271 142 275
272 165 275
273 185 274
274 208 274
275 231 275
276 252 276
277 274 275
278 298 273
279 319 275
280 341 274
281 363 276
282 385 275
283 405 275
284 429 276
285 449 274
286 473 274
287 11 295
288 33 296
289 55 297
290 78 295
291 99 296
292 120 295
293 142 297
294 163 296
295 187 298
296 208 298
297 229 297
298 251 296
299 273 296
300 298 297
301 317 296
302 339 296
303 362 295
304 384 297
305 405 298
306 430 295
307 449 297
308 472 295
309 11 318
310 32 319
311 54 318
312 78 319
313 99 317
314 119 317
315 144 320
316 165 318
317 187 320
318 209 317
319 229 319
320 253 317
321 274 318
322 297 317
323 319 318
324 341 318
325 362 319
326 383 319
327 407 317
328 428 319
329 452 318
330 473 320
331 10 340
332 33 341
333 55 340
334 77 339
335 99 341
336 120 342
337 142 341
338 164 340
339 188 340
340 210 341
341 231 341
342 252 340
343 274 340
344 298 341
345 319 340
346 341 341
347 363 341
348 386 340
349 408 341
350 429 341
351 451 341
352 471 341
353 10 361
354 32 362
355 54 363
356 78 362
357 100 363
358 119 364
359 141 362
360 165 362
361 185 363
362 207 362
363 232 362
364 254 362
365 274 362
366 296 361
367 317 363
368 341 361
369 363 364
370 385 364
371 406 361
372 428 362
373 451 364
374 473 361
375 11 385
376 32 386
377 55 384
378 77 384
379 98 386
380 121 385
381 143 384
382 165 384
383 187 384
384 208 386
385 231 385
386 252 386
387 275 385
388 296 386
389 318 384
390 341 386
391 364 384
392 383 385
393 408 386
394 428 385
395 450 386
396 473 383
397 9 407
398 32 406
399 55 406
400 75 405
401 98 407
402 120 406
403 142 406
404 165 405
405 188 406
406 208 406
407 230 407
408 253 406
409 273 405
410 296 407
411 318 408
412 340 405
413 362 406
414 384 405
415 407 408
416 428 407
417 449 407
418 472 406
419 11 429
420 31 428
421 55 429
422 77 429
423 99 428
424 120 429
425 142 429
426 165 428
427 187 428
428 209 429
429 231 429
430 253 427
431 273 429
432 297 428
433 320 429
434 340 429
435 362 428
436 384 427
437 408 428
438 428 428
439 450 429
440 472 429
441 10 450
442 32 451
443 55 451
444 76 451
445 99 451
446 120 451
447 142 450
448 164 449
449 188 450
450 208 450
451 231 450
452 254 450
453 273 451
454 296 450
455 319 451
456 340 451
457 361 452
458 386 452
459 405 450
460 427 451
461 450 450
462 474 451
463 10 471
464 32 474
465 53 472
466 76 473
467 98 471
468 122 474
469 143 473
470 164 472
471 186 472
472 208 474
473 231 472
474 253 473
475 274 473
476 295 474
477 318 472
478 340 473
479 361 472
480 384 472
481 406 474
482 429 471
483 449 474
484 473 472
