2004-02-28 15:08:18.301861 1701 1 23.6438 32.4049 217.12 2.73696
2004-02-28 15:08:47.937993 1702 1 23.6634 32.2995 224.48 2.73696
2004-02-28 15:09:18.253905 1703 1 23.6732 32.3698 217.12 2.74963
2004-02-28 15:09:48.464493 1704 1 23.6928 32.3698 217.12 2.74963
2004-02-28 15:10:47.503886 1706 1 23.6634 32.44 217.12 2.73696
2004-02-28 15:11:17.341681 1707 1 23.6536 32.44 224.48 2.73696
2004-02-28 15:11:48.329035 1708 1 23.6144 32.5803 224.48 2.73696
2004-02-28 15:13:49.543177 1712 1 23.5164 32.7907 235.52 2.73696
2004-02-28 15:14:48.473644 1714 1 23.4968 32.7907 235.52 2.73696
2004-02-28 15:09:18.534059 1703 2 23.4968 34.536 323.84 2.7244
2004-02-28 15:10:18.446001 1705 2 23.5164 34.536 323.84 2.71196
2004-02-28 15:10:48.423284 1706 2 23.5066 34.536 323.84 2.71196
2004-02-28 15:11:48.822362 1708 2 23.4674 34.536 338.56 2.71196
2004-02-28 15:12:19.04207 1709 2 23.4478 34.536 338.56 2.69964
2004-02-28 15:08:49.685648 1702 3 23.2812 33.4206 235.52 2.7244
2004-02-28 15:09:17.943874 1703 3 23.242 33.5254 235.52 2.7244
2004-02-28 15:09:47.895046 1704 3 23.242 33.5953 235.52 2.7244
2004-02-28 15:10:20.578922 1705 3 23.2812 33.5604 224.48 2.7244
2004-02-28 15:10:49.657125 1706 3 23.3302 33.4206 224.48 2.7244
2004-02-28 15:11:17.883013 1707 3 23.3498 33.3507 235.52 2.7244
2004-02-28 15:12:18.442454 1709 3 23.4086 33.2108 235.52 2.7244
2004-02-28 15:12:49.256975 1710 3 23.4282 33.2108 235.52 2.7244
2004-02-28 15:13:18.054057 1711 3 23.438 33.1409 235.52 2.7244
2004-02-28 15:13:49.848296 1712 3 23.438 33.1409 250.24 2.73696
2004-02-28 15:08:18.739291 1701 4 23.4772 34.1532 264.96 2.71196
2004-02-28 15:09:17.607179 1703 4 23.487 34.0487 264.96 2.69964
2004-02-28 15:09:47.619735 1704 4 23.4772 34.0487 250.24 2.69964
2004-02-28 15:10:18.148492 1705 4 23.487 34.0487 250.24 2.71196
2004-02-28 15:11:18.306361 1707 4 23.5066 34.0487 264.96 2.69964
2004-02-28 15:12:18.591724 1709 4 23.487 34.1184 264.96 2.69964
2004-02-28 15:12:47.7731 1710 4 23.4772 34.1532 264.96 2.71196
2004-02-28 15:13:48.965833 1712 4 23.4576 34.188 279.68 2.69964
2004-02-28 15:14:19.05438 1713 4 23.4478 34.2229 279.68 2.7244
2004-02-28 15:14:49.663529 1714 4 23.4282 34.2229 279.68 2.69964
2004-02-28 15:14:47.695172 1714 5    2.67532
2004-02-28 15:11:20.328291 1707 6 22.8598 34.3273 713.92 2.67532
2004-02-28 15:11:49.891204 1708 6 22.8794 34.2925 713.92 2.67532
2004-02-28 15:12:18.102169 1709 6 22.8794 34.3273 743.36 2.67532
2004-02-28 15:14:50.13529 1714 6 22.9088 34.2577 772.8 2.67532
2004-02-28 15:08:47.352831 1702 7 22.7324 34.4664 323.84 2.71196
2004-02-28 15:09:17.356925 1703 7 22.7422 34.536 323.84 2.7244
2004-02-28 15:09:47.346398 1704 7 22.752 34.4664 323.84 2.71196
2004-02-28 15:10:19.109484 1705 7 22.7716 34.3969 323.84 2.71196
2004-02-28 15:10:47.612817 1706 7 22.7618 34.3969 323.84 2.71196
2004-02-28 15:11:17.407912 1707 7 22.7716 34.3969 323.84 2.71196
2004-02-28 15:11:50.886299 1708 7 22.7716 34.4317 323.84 2.7244
2004-02-28 15:12:19.699182 1709 7 22.752 34.4664 323.84 2.7244
2004-02-28 15:12:49.537157 1710 7 22.7618 34.3969 323.84 2.71196
2004-02-28 15:13:18.194689 1711 7 22.7618 34.3273 323.84 2.7244
2004-02-28 15:13:47.643109 1712 7 22.752 34.3969 338.56 2.7244
2004-02-28 15:14:19.354245 1713 7 22.752 34.4664 338.56 2.71196
2004-02-28 15:14:48.755194 1714 7 22.7422 34.536 338.56 2.7244
2004-02-28 15:09:19.343889 1703 8 22.4972 34.8139 1494.08 2.7244
2004-02-28 15:10:47.461408 1706 8 22.4972 34.8487 1435.2 2.7244
2004-02-28 15:13:17.63088 1711 8 22.4874 34.8834 1611.84 2.7244
2004-02-28 15:14:19.054187 1713 8 22.4972 34.8139 1729.6 2.7244
2004-02-28 15:14:51.067574 1714 8 22.4972 34.8139 1729.6 2.71196
2004-02-28 15:08:47.675509 1702 9 22.6638 35.3341 1847.36 2.78836
2004-02-28 15:09:19.643081 1703 9 22.6638 35.2302 1847.36 2.78836
2004-02-28 15:09:49.26151 1704 9 22.654 35.2995 1847.36 2.78836
2004-02-28 15:10:18.761594 1705 9 22.6736 35.3341 1847.36 2.80151
2004-02-28 15:11:47.200455 1708 9 22.6344 35.2995 1847.36 2.78836
2004-02-28 15:12:17.840151 1709 9 22.6344 35.2995 1847.36 2.78836
2004-02-28 15:14:17.55068 1713 9 22.6442 35.3687 1847.36 2.78836
2004-02-28 15:14:47.327688 1714 9 22.654 35.4034 1847.36 2.80151
2004-02-28 15:08:17.359774 1701 10 22.4972 35.6456 507.84 2.69964
2004-02-28 15:08:48.325123 1702 10 22.4972 35.7494 507.84 2.71196
2004-02-28 15:09:47.572391 1704 10 22.4972 35.3687 507.84 2.69964
2004-02-28 15:11:18.850841 1707 10 22.4972 35.6456 507.84 2.71196
2004-02-28 15:11:50.649108 1708 10 22.4972 35.6456 537.28 2.71196
2004-02-28 15:12:20.360172 1709 10 22.4874 35.7148 537.28 2.71196
2004-02-28 15:13:19.292149 1711 10 22.507 35.7494 537.28 2.71196
2004-02-28 15:13:48.163442 1712 10 22.4972 35.8876 537.28 2.71196
2004-02-28 15:14:18.753049 1713 10 22.4776 35.7839 566.72 2.71196
2004-02-28 15:14:47.915284 1714 10 22.458 35.7148 566.72 2.71196
2004-02-28 15:08:19.894962 1701 11 21.5172 37.7792 1023.04 2.68742
2004-02-28 15:09:48.755253 1704 11 21.4388 37.8134 1023.04 2.68742
2004-02-28 15:10:17.317097 1705 11 21.4192 37.8477 1023.04 2.69964
2004-02-28 15:10:48.168963 1706 11 21.4192 37.8819 1023.04 2.69964
2004-02-28 15:11:48.259156 1708 11 21.429 37.9161 1081.92 2.68742
2004-02-28 15:12:17.323999 1709 11 21.4192 37.9503 1081.92 2.68742
2004-02-28 15:13:19.120255 1711 11 21.4192 38.0187 1081.92 2.69964
2004-02-28 15:13:48.703238 1712 11 21.4192 38.0187 1140.8 2.69964
2004-02-28 15:14:18.434364 1713 11 21.4192 38.0529 1199.68 2.69964
2004-02-28 15:14:49.435271 1714 11 21.4094 38.0529 1140.8 2.69964
2004-02-28 15:08:20.783771 1701 12 21.0272 37.8477 1611.84 2.68742
2004-02-28 15:09:49.259537 1704 12 20.988 38.0187 1552.96 2.69964
2004-02-28 15:08:17.933375 1701 13 21.3604 38.3605 684.48 2.67532
2004-02-28 15:08:48.183072 1702 13 21.331 38.3946 684.48 2.68742
2004-02-28 15:09:18.487265 1703 13 21.3212 38.3946 684.48 2.68742
2004-02-28 15:11:17.772961 1707 13 21.3016 38.5311 684.48 2.67532
2004-02-28 15:11:48.528218 1708 13 21.3212 38.5311 713.92 2.68742
2004-02-28 15:12:18.83799 1709 13 21.3016 38.4629 713.92 2.68742
2004-02-28 15:12:49.756239 1710 13 21.3114 38.4629 713.92 2.68742
2004-02-28 15:09:20.82326 1703 14 22.4874 35.3687 309.12 2.73696
2004-02-28 15:10:49.657267 1706 14 22.4678 35.5072 309.12 2.73696
2004-02-28 15:11:19.669931 1707 14 22.4384 35.5418 309.12 2.73696
2004-02-28 15:12:47.324145 1710 14 22.4482 35.5764 323.84 2.73696
2004-02-28 15:13:17.329905 1711 14 22.4482 35.438 323.84 2.73696
2004-02-28 15:13:48.16326 1712 14 22.4678 35.4726 338.56 2.73696
2004-02-28 15:14:47.325789 1714 14 22.4776 35.4034 338.56 2.73696
2004-02-28 15:08:49.686906 1702 15 22.7618 35.853 1847.36 2.48502
2004-02-28 15:09:21.249901 1703 15 22.7618 35.9221 1847.36 2.48502
2004-02-28 15:09:47.420277 1704 15 22.752 35.9221 1847.36 2.48502
2004-02-28 15:11:18.970912 1707 15 22.7128 35.9221 1847.36 2.49546
2004-02-28 15:12:17.844552 1709 15 22.6932 35.9221 1847.36 2.48502
2004-02-28 15:09:19.374052 1703 16 23.34 34.4664 1847.36 2.67532
2004-02-28 15:10:50.996788 1706 16 23.291 34.536 1847.36 2.67532
2004-02-28 15:12:48.352576 1710 16 23.2322 34.536 1847.36 2.68742
2004-02-28 15:14:19.037895 1713 16 23.2224 34.536 1847.36 2.67532
2004-02-28 15:14:50.117116 1714 16 23.2028 34.536 1847.36 2.67532
2004-02-28 15:08:17.952806 1701 17 23.6046 32.8608 625.6 2.63964
2004-02-28 15:09:17.30587 1703 17 23.5948 32.8608 625.6 2.62796
2004-02-28 15:09:50.475049 1704 17 23.585 32.8608 596.16 2.62796
2004-02-28 15:10:18.294694 1705 17 23.5752 32.8958 596.16 2.62796
2004-02-28 15:11:47.69174 1708 17 23.5556 32.9308 655.04 2.62796
2004-02-28 15:12:19.804315 1709 17 23.536 32.9308 655.04 2.62796
2004-02-28 15:14:47.803917 1714 17 23.4772 33.0359 713.92 2.62796
2004-02-28 15:08:22.882013 1701 18 23.2322 33.7 456.32 2.54901
2004-02-28 15:08:49.478261 1702 18 23.2224 33.6651 456.32 2.53812
2004-02-28 15:09:21.526891 1703 18 23.2028 33.7 456.32 2.53812
2004-02-28 15:09:48.435023 1704 18 23.193 33.7 441.6 2.54901
2004-02-28 15:11:50.699449 1708 18 23.1538 33.7 456.32 2.54901
2004-02-28 15:12:17.487763 1709 18 23.144 33.7 478.4 2.54901
2004-02-28 15:12:50.673539 1710 18 23.144 33.7698 478.4 2.54901
2004-02-28 15:13:17.631456 1711 18 23.144 33.7698 478.4 2.53812
2004-02-28 15:13:50.785897 1712 18 23.1342 33.8396 507.84 2.54901
2004-02-28 15:14:19.594204 1713 18 23.1342 33.7698 507.84 2.53812
2004-02-28 15:14:49.74947 1714 18 23.144 33.8396 507.84 2.53812
2004-02-28 15:08:18.545594 1701 19 24.0064 32.2995 353.28 2.73696
2004-02-28 15:09:20.393975 1703 19 24.026 32.1941 353.28 2.73696
2004-02-28 15:11:18.506029 1707 19 24.026 32.159 353.28 2.73696
2004-02-28 15:12:48.791101 1710 19 24.0162 32.0535 368 2.73696
2004-02-28 15:13:18.652207 1711 19 23.9868 32.1238 368 2.73696
2004-02-28 15:14:20.355992 1713 19 23.9476 32.159 382.72 2.73696
2004-02-28 15:08:17.640025 1701 20 23.8692 33.8396 684.48 2.74963
2004-02-28 15:08:49.23291 1702 20 23.8594 33.7698 684.48 2.74963
2004-02-28 15:09:20.593384 1703 20 23.8496 33.8047 684.48 2.74963
2004-02-28 15:09:48.937088 1704 20 23.8398 33.8047 655.04 2.74963
2004-02-28 15:10:20.651976 1705 20 23.83 33.8396 655.04 2.74963
2004-02-28 15:10:47.319925 1706 20 23.8006 33.8396 655.04 2.74963
2004-02-28 15:11:48.240318 1708 20 23.7908 33.9093 713.92 2.74963
2004-02-28 15:12:18.180097 1709 20 23.7712 33.9093 713.92 2.74963
2004-02-28 15:12:49.095299 1710 20 23.7614 33.9093 713.92 2.74963
2004-02-28 15:13:47.733809 1712 20 23.732 33.9442 743.36 2.74963
2004-02-28 15:14:17.359701 1713 20 23.732 33.979 772.8 2.74963
2004-02-28 15:08:17.549283 1701 21 24.0652 32.2293 279.68 2.7244
2004-02-28 15:08:47.515012 1702 21 24.0456 32.2293 279.68 2.7244
2004-02-28 15:09:18.173901 1703 21 24.0358 32.2293 279.68 2.7244
2004-02-28 15:10:17.372392 1705 21 24.0064 32.1941 279.68 2.7244
2004-02-28 15:10:48.017018 1706 21 23.9966 32.2293 279.68 2.7244
2004-02-28 15:11:17.382266 1707 21 23.977 32.1941 279.68 2.73696
2004-02-28 15:11:49.684187 1708 21 23.9672 32.1941 294.4 2.7244
2004-02-28 15:12:20.081962 1709 21 23.9476 32.1941 294.4 2.73696
2004-02-28 15:12:47.611954 1710 21 23.928 32.159 294.4 2.7244
2004-02-28 15:13:49.045021 1712 21 23.9084 32.2644 309.12 2.73696
2004-02-28 15:14:17.554113 1713 21 23.8986 32.2293 309.12 2.73696
2004-02-28 15:08:17.304076 1701 22 24.418 31.3139 507.84 2.74963
2004-02-28 15:08:48.883919 1702 22 24.4082 31.3139 507.84 2.74963
2004-02-28 15:09:20.144581 1703 22 24.3788 31.3139 507.84 2.74963
2004-02-28 15:09:49.828954 1704 22 24.369 31.3139 507.84 2.73696
2004-02-28 15:10:20.206613 1705 22 24.3396 31.3844 507.84 2.74963
2004-02-28 15:10:48.696998 1706 22 24.32 31.4197 507.84 2.73696
2004-02-28 15:11:17.968657 1707 22 24.3004 31.4549 507.84 2.73696
2004-02-28 15:11:50.166995 1708 22 24.2808 31.4549 537.28 2.74963
2004-02-28 15:12:19.400123 1709 22 24.271 31.4549 537.28 2.74963
2004-02-28 15:12:49.470466 1710 22 24.2416 31.5254 537.28 2.74963
2004-02-28 15:13:47.621151 1712 22 24.2122 31.5607 566.72 2.73696
2004-02-28 15:14:18.281106 1713 22 24.1926 31.5959 596.16 2.73696
2004-02-28 15:14:48.299032 1714 22 24.173 31.5959 596.16 2.73696
2004-02-28 15:08:18.151267 1701 23 24.5944 31.2433 412.16 2.73696
2004-02-28 15:08:47.310573 1702 23 24.614 31.1021 412.16 2.7244
2004-02-28 15:09:21.698772 1703 23 24.6042 31.1727 412.16 2.73696
2004-02-28 15:09:50.177548 1704 23 24.5944 31.1374 412.16 2.73696
2004-02-28 15:10:17.572979 1705 23 24.5552 31.1727 412.16 2.73696
2004-02-28 15:10:50.458158 1706 23 24.5258 31.2433 412.16 2.73696
2004-02-28 15:11:20.822238 1707 23 24.5062 31.3139 412.16 2.73696
2004-02-28 15:11:50.449162 1708 23 24.4866 31.3139 426.88 2.73696
2004-02-28 15:12:20.822036 1709 23 24.467 31.3139 426.88 2.7244
2004-02-28 15:12:48.28438 1710 23 24.4376 31.3844 426.88 2.73696
2004-02-28 15:13:48.040172 1712 23 24.418 31.4197 441.6 2.73696
2004-02-28 15:14:18.10989 1713 23 24.3984 31.4902 441.6 2.73696
2004-02-28 15:14:48.510433 1714 23 24.3592 31.5254 441.6 2.7244
2004-02-28 15:09:17.729031 1703 24 24.9962 30.0401 743.36 2.76242
2004-02-28 15:09:51.17502 1704 24 24.9668 30.1111 713.92 2.76242
2004-02-28 15:10:19.96601 1705 24 24.9276 30.182 713.92 2.77533
2004-02-28 15:10:47.404724 1706 24 24.8884 30.2175 713.92 2.76242
2004-02-28 15:11:17.647214 1707 24 24.8786 30.2529 743.36 2.76242
2004-02-28 15:11:48.181584 1708 24 24.8688 30.2884 743.36 2.76242
2004-02-28 15:13:18.154184 1711 24 24.81 30.3947 802.24 2.76242
2004-02-28 15:14:17.536302 1713 24 24.81 30.3592 831.68 2.76242
2004-02-28 15:14:48.147238 1714 24 24.8002 30.3947 831.68 2.76242
2004-02-28 15:08:18.311465 1701 25 25.202 30.2884 1258.56 2.74963
2004-02-28 15:09:17.76537 1703 25 25.1824 30.2529 1258.56 2.73696
2004-02-28 15:10:19.044376 1705 25 25.0942 30.3947 1258.56 2.74963
2004-02-28 15:11:47.547575 1708 25 24.9668 30.5363 1376.32 2.74963
2004-02-28 15:13:50.923254 1712 25 24.8688 30.6071 1435.2 2.74963
2004-02-28 15:14:48.164532 1714 25 24.8296 30.7133 1552.96 2.73696
2004-02-28 15:08:21.471741 1701 26 24.9472 31.5607 743.36 2.74963
2004-02-28 15:08:47.866031 1702 26 24.8884 31.5959 743.36 2.74963
2004-02-28 15:09:17.610618 1703 26 24.8492 31.6664 713.92 2.74963
2004-02-28 15:09:48.034394 1704 26 24.8296 31.772 713.92 2.74963
2004-02-28 15:10:17.531767 1705 26 24.8002 31.772 713.92 2.74963
2004-02-28 15:10:48.324448 1706 26 24.7512 31.8424 713.92 2.74963
2004-02-28 15:11:18.255635 1707 26 24.712 31.8776 743.36 2.74963
2004-02-28 15:11:51.091853 1708 26 24.663 32.0183 743.36 2.73696
2004-02-28 15:12:18.079777 1709 26 24.6532 32.0183 772.8 2.74963
2004-02-28 15:12:48.092965 1710 26 24.6434 32.0183 772.8 2.73696
2004-02-28 15:14:17.751195 1713 26 24.5748 32.159 802.24 2.74963
2004-02-28 15:14:48.209047 1714 26 24.5748 32.159 802.24 2.74963
2004-02-28 15:08:23.48204 1701 27 25.1922 30.2175 209.76 2.74963
2004-02-28 15:08:47.558649 1702 27 25.1824 30.182 209.76 2.74963
2004-02-28 15:09:21.056864 1703 27 25.1726 30.2175 209.76 2.74963
2004-02-28 15:09:47.569464 1704 27 25.1432 30.2529 202.4 2.74963
2004-02-28 15:11:20.568087 1707 27 25.055 30.3947 209.76 2.74963
2004-02-28 15:14:18.197294 1713 27 24.9178 30.5717 224.48 2.74963
2004-02-28 15:08:17.513913 1701 28 25.2412 30.3947  2.86918
2004-02-28 15:08:47.828208 1702 28 25.2216 30.3238  2.86918
2004-02-28 15:09:17.801613 1703 28 25.2118 30.3238  2.86918
2004-02-28 15:09:47.94391 1704 28 25.202 30.3238  2.85538
2004-02-28 15:10:17.877139 1705 28 25.202 30.4301  2.85538
2004-02-28 15:10:47.827613 1706 28 25.1824 30.3947  2.86918
2004-02-28 15:11:17.882432 1707 28 25.1628 30.3947  2.85538
2004-02-28 15:11:48.206654 1708 28 25.1432 30.4301  2.86918
2004-02-28 15:12:48.159861 1710 28 25.1138 30.4301  2.85538
2004-02-28 15:13:17.898436 1711 28 25.0942 30.4655  2.85538
2004-02-28 15:13:47.390258 1712 28 25.0746 30.5363  2.88311
2004-02-28 15:14:17.381757 1713 28 25.0452 30.5363  2.86918
2004-02-28 15:14:48.023354 1714 28 25.0354 30.5363  2.86918
2004-02-28 15:08:17.481381 1701 29 24.9472 30.5363 478.4 2.73696
2004-02-28 15:08:48.145768 1702 29 24.908 30.5363 478.4 2.73696
2004-02-28 15:09:17.504532 1703 29 24.8786 30.5363 478.4 2.73696
2004-02-28 15:10:18.053371 1705 29 24.859 30.5363 478.4 2.73696
2004-02-28 15:10:47.986405 1706 29 24.81 30.6425 478.4 2.73696
2004-02-28 15:12:17.746778 1709 29 24.7414 30.6779 507.84 2.73696
2004-02-28 15:12:50.041107 1710 29 24.7218 30.7133 507.84 2.74963
2004-02-28 15:13:48.158853 1712 29 24.6924 30.7486 507.84 2.73696
2004-02-28 15:08:18.349638 1701 30 25.0648 30.8547 1435.2 2.74963
2004-02-28 15:10:47.898676 1706 30 25.0844 30.8194 1435.2 2.74963
2004-02-28 15:12:17.527283 1709 30 25.0452 30.8194 1494.08 2.76242
2004-02-28 15:14:17.912408 1713 30 24.9864 30.8901 1611.84 2.74963
2004-02-28 15:14:47.411646 1714 30 24.9668 30.9254 1611.84 2.74963
2004-02-28 15:08:17.494956 1701 31 24.5258 32.0535 802.24 2.74963
2004-02-28 15:08:48.266455 1702 31 24.5356 31.948 802.24 2.73696
2004-02-28 15:09:17.4609 1703 31 24.5454 31.8776 802.24 2.74963
2004-02-28 15:10:17.952143 1705 31 24.5258 31.8776 772.8 2.74963
2004-02-28 15:10:47.751356 1706 31 24.5356 31.8072 772.8 2.73696
2004-02-28 15:11:17.464533 1707 31 24.5258 31.8776 802.24 2.74963
2004-02-28 15:11:47.511203 1708 31 24.5062 31.8776 831.68 2.74963
2004-02-28 15:12:48.079017 1710 31 24.4866 31.948 861.12 2.74963
2004-02-28 15:13:48.213774 1712 31 24.4572 31.8776 890.56 2.73696
2004-02-28 15:14:17.957504 1713 31 24.4474 31.8072 920 2.73696
2004-02-28 15:08:17.389463 1701 32 24.3788 31.3491 478.4 2.74963
2004-02-28 15:10:17.989268 1705 32 24.3886 31.2433 456.32 2.74963
2004-02-28 15:14:48.099544 1714 32 24.2514 31.4902 537.28 2.73696
2004-02-28 15:08:49.466045 1702 33 24.2122 31.6664 426.88 2.74963
2004-02-28 15:09:19.076841 1703 33 24.2318 31.6664 426.88 2.74963
2004-02-28 15:10:19.309934 1705 33 24.222 31.5959 426.88 2.74963
2004-02-28 15:11:48.329222 1708 33 24.1534 31.7368 441.6 2.74963
2004-02-28 15:13:47.35873 1712 33 24.026 31.8072 478.4 2.73696
2004-02-28 15:14:50.855266 1714 33 23.9868 32.0183 478.4 2.74963
2004-02-28 15:09:18.225835 1703 34 24.6434 31.3844 920 2.73696
2004-02-28 15:10:19.606196 1705 34 24.5944 31.4197 890.56 2.73696
2004-02-28 15:10:48.546942 1706 34 24.565 31.5254 890.56 2.73696
2004-02-28 15:08:17.944548 1701 35 24.9178 33.0009 684.48 2.68742
2004-02-28 15:09:18.789117 1703 35 24.8884 33.0359 684.48 2.68742
2004-02-28 15:10:17.907994 1705 35 24.8394 33.1409 684.48 2.67532
2004-02-28 15:10:47.702647 1706 35 24.81 33.2108 684.48 2.67532
2004-02-28 15:11:19.214218 1707 35 24.8002 33.1759 684.48 2.68742
2004-02-28 15:11:48.82117 1708 35 24.8002 33.1409 713.92 2.67532
2004-02-28 15:12:18.453218 1709 35 24.8002 33.1759 713.92 2.67532
2004-02-28 15:12:48.361049 1710 35 24.8002 33.1409 713.92 2.68742
2004-02-28 15:13:17.932089 1711 35 24.7904 33.2458 743.36 2.67532
2004-02-28 15:13:47.882652 1712 35 24.7708 33.1409 772.8 2.67532
2004-02-28 15:14:18.634162 1713 35 24.7708 33.1759 772.8 2.68742
2004-02-28 15:14:49.057619 1714 35 24.761 33.0709 772.8 2.67532
2004-02-28 15:08:47.730686 1702 36 25.2216 32.6154 566.72 2.74963
2004-02-28 15:09:49.557762 1704 36 25.1824 32.7206 537.28 2.74963
2004-02-28 15:10:17.596762 1705 36 25.1628 32.7206 537.28 2.73696
2004-02-28 15:10:48.862474 1706 36 25.1432 32.7907 537.28 2.74963
2004-02-28 15:11:18.568012 1707 36 25.104 32.8257 566.72 2.74963
2004-02-28 15:11:49.149406 1708 36 25.055 32.8608 566.72 2.73696
2004-02-28 15:12:18.686165 1709 36 25.006 33.0009 596.16 2.73696
2004-02-28 15:12:48.991081 1710 36 24.9766 33.0359 596.16 2.74963
2004-02-28 15:13:17.366489 1711 36 24.9374 33.1409 596.16 2.74963
2004-02-28 15:13:48.685026 1712 36 24.908 33.1409 625.6 2.74963
2004-02-28 15:14:18.836278 1713 36 24.908 33.0709 655.04 2.74963
2004-02-28 15:08:48.63287 1702 37 24.908 34.2229 596.16 2.74963
2004-02-28 15:09:17.654027 1703 37 24.8688 34.2925 596.16 2.74963
2004-02-28 15:09:48.13778 1704 37 24.859 34.188 566.72 2.73696
2004-02-28 15:11:20.060639 1707 37 24.8002 34.4664 596.16 2.73696
2004-02-28 15:11:47.769112 1708 37 24.7904 34.3621 596.16 2.74963
2004-02-28 15:13:47.404889 1712 37 24.7512 34.4664 625.6 2.74963
2004-02-28 15:14:47.440873 1714 37 24.712 34.536 655.04 2.74963
2004-02-28 15:08:21.361999 1701 38 24.3984 31.1727 684.48 2.69964
2004-02-28 15:08:50.476466 1702 38 24.418 31.1727 684.48 2.68742
2004-02-28 15:09:49.058381 1704 38 24.418 31.2433 655.04 2.68742
2004-02-28 15:10:18.949393 1705 38 24.418 31.2433 655.04 2.68742
2004-02-28 15:11:19.588097 1707 38 24.4474 31.1727 684.48 2.69964
2004-02-28 15:12:50.39609 1710 38 24.4964 31.1727 713.92 2.68742
2004-02-28 15:14:17.816431 1713 38 24.4964 31.0314 772.8 2.69964
2004-02-28 15:14:47.584318 1714 38 24.4964 31.0314 772.8 2.68742
2004-02-28 15:08:19.191832 1701 39 24.5748 33.1409 294.4 2.73696
2004-02-28 15:10:18.186004 1705 39 24.5258 33.2108 294.4 2.73696
2004-02-28 15:10:49.141703 1706 39 24.516 33.2108 294.4 2.74963
2004-02-28 15:12:49.55115 1710 39 24.4768 33.0709 309.12 2.73696
2004-02-28 15:13:18.274223 1711 39 24.4768 33.1409 309.12 2.74963
2004-02-28 15:13:49.451322 1712 39 24.4768 33.1409 309.12 2.73696
2004-02-28 15:08:20.511918 1701 40 25.055 30.7486 684.48 2.74963
2004-02-28 15:08:49.179488 1702 40 25.0648 30.6779 684.48 2.74963
2004-02-28 15:09:20.214018 1703 40 25.0452 30.7486 684.48 2.74963
2004-02-28 15:09:47.496645 1704 40 25.0256 30.9254 684.48 2.74963
2004-02-28 15:10:49.997226 1706 40 24.9472 30.9608 655.04 2.74963
2004-02-28 15:11:17.747987 1707 40 24.9374 30.9961 684.48 2.74963
2004-02-28 15:12:19.302102 1709 40 24.8982 31.0667 713.92 2.74963
2004-02-28 15:12:50.811211 1710 40 24.8786 31.1021 713.92 2.74963
2004-02-28 15:13:17.366801 1711 40 24.8688 31.1727 713.92 2.74963
2004-02-28 15:13:50.525369 1712 40 24.859 31.1727 772.8 2.74963
2004-02-28 15:14:17.574246 1713 40 24.8492 31.1727 772.8 2.74963
2004-02-28 15:08:18.993831 1701 41 25.0452 30.3947 831.68 2.73696
2004-02-28 15:08:48.633065 1702 41 25.0354 30.3947 831.68 2.73696
2004-02-28 15:09:19.416025 1703 41 25.0158 30.3947 831.68 2.73696
2004-02-28 15:10:19.946008 1705 41 24.9962 30.5009 831.68 2.73696
2004-02-28 15:10:48.447082 1706 41 24.9864 30.5009 831.68 2.73696
2004-02-28 15:11:20.293674 1707 41 24.9668 30.5363 831.68 2.7244
2004-02-28 15:11:49.16911 1708 41 24.9472 30.5363 861.12 2.7244
2004-02-28 15:12:17.772462 1709 41 24.9276 30.6071 861.12 2.73696
2004-02-28 15:13:18.814411 1711 41 24.8884 30.6071 861.12 2.73696
2004-02-28 15:13:50.899164 1712 41 24.8884 30.6779 890.56 2.7244
2004-02-28 15:08:49.966586 1702 42 25.2118 30.8547 1081.92 2.74963
2004-02-28 15:09:18.485731 1703 42 25.202 30.9608 1081.92 2.74963
2004-02-28 15:09:49.295018 1704 42 25.1922 30.9608 1023.04 2.74963
2004-02-28 15:10:21.549281 1705 42 25.1726 30.9608 1023.04 2.73696
2004-02-28 15:10:50.297065 1706 42 25.1628 31.0314 1023.04 2.74963
2004-02-28 15:11:18.877979 1707 42 25.1236 31.0314 1081.92 2.74963
2004-02-28 15:11:48.869098 1708 42 25.1236 31.0314 1140.8 2.74963
2004-02-28 15:12:20.502681 1709 42 25.1236 31.1021 1140.8 2.74963
2004-02-28 15:12:50.270822 1710 42 25.0844 31.1021 1140.8 2.74963
2004-02-28 15:13:18.528817 1711 42 25.0746 31.1021 1199.68 2.74963
2004-02-28 15:13:49.176674 1712 42 25.0746 31.1727 1258.56 2.74963
2004-02-28 15:14:48.412442 1714 42 25.055 31.1727 1258.56 2.74963
2004-02-28 15:08:20.941946 1701 43 25.1824 30.2884 684.48 2.73696
2004-02-28 15:08:50.050878 1702 43 25.1628 30.3238 684.48 2.74963
2004-02-28 15:09:51.31704 1704 43 25.1432 30.2529 684.48 2.74963
2004-02-28 15:10:20.252211 1705 43 25.1334 30.2529 684.48 2.74963
2004-02-28 15:12:20.264155 1709 43 25.0648 30.3238 713.92 2.73696
2004-02-28 15:12:49.256662 1710 43 25.0452 30.3947 713.92 2.74963
2004-02-28 15:14:19.797849 1713 43 25.006 30.4655 743.36 2.74963
2004-02-28 15:14:47.427288 1714 43 25.006 30.4655 743.36 2.73696
2004-02-28 15:09:17.373859 1703 44 26.2506 30.2884 1847.36 2.74963
2004-02-28 15:09:47.420407 1704 44 26.231 30.4655 1847.36 2.76242
2004-02-28 15:10:19.10803 1705 44 26.2016 30.6071 1847.36 2.74963
2004-02-28 15:10:50.877062 1706 44 26.1722 30.6779 1847.36 2.76242
2004-02-28 15:11:18.234728 1707 44 26.1526 30.8194 1847.36 2.74963
2004-02-28 15:11:47.367981 1708 44 26.1232 30.8194 1847.36 2.74963
2004-02-28 15:12:21.160344 1709 44 26.0938 30.8194 1847.36 2.74963
2004-02-28 15:13:19.425713 1711 44 26.0448 31.0314 1847.36 2.74963
2004-02-28 15:13:47.483291 1712 44 26.0252 30.8901 1847.36 2.74963
2004-02-28 15:14:18.434176 1713 44 26.0056 30.8901 1847.36 2.74963
2004-02-28 15:14:50.328378 1714 44 25.9958 30.8194 1847.36 2.74963
2004-02-28 15:08:18.106684 1701 45 24.7904 31.8072 920 2.73696
2004-02-28 15:08:50.255151 1702 45 24.7708 31.7368 964.16 2.73696
2004-02-28 15:09:21.034162 1703 45 24.7708 31.7016 964.16 2.74963
2004-02-28 15:10:18.189741 1705 45 24.7512 31.3844 920 2.74963
2004-02-28 15:10:51.187091 1706 45 24.712 31.7016 920 2.74963
2004-02-28 15:11:19.13257 1707 45 24.6924 31.6312 964.16 2.73696
2004-02-28 15:12:22.156896 1709 45 24.6238 31.7368 1023.04 2.74963
2004-02-28 15:12:51.15328 1710 45 24.6042 31.948 1081.92 2.74963
2004-02-28 15:13:18.916655 1711 45 24.5944 31.948 1081.92 2.73696
2004-02-28 15:13:50.243243 1712 45 24.5748 31.8776 1140.8 2.73696
2004-02-28 15:14:19.054488 1713 45 24.565 32.0183 1199.68 2.73696
2004-02-28 15:08:17.682031 1701 46 23.879 34.0487 456.32 2.53812
2004-02-28 15:08:47.831167 1702 46 23.8692 33.979 478.4 2.53812
2004-02-28 15:09:17.608501 1703 46 23.8692 34.0487 478.4 2.54901
2004-02-28 15:09:47.777901 1704 46 23.8496 34.0487 456.32 2.54901
2004-02-28 15:10:22.029649 1705 46 23.8398 33.979 456.32 2.53812
2004-02-28 15:10:49.282131 1706 46 23.83 34.0139 478.4 2.54901
2004-02-28 15:11:17.465177 1707 46 23.8104 33.9093 478.4 2.53812
2004-02-28 15:11:50.529148 1708 46 23.8104 33.979 507.84 2.53812
2004-02-28 15:12:19.28365 1709 46 23.7908 34.1184 507.84 2.53812
2004-02-28 15:13:17.904072 1711 46 23.7614 34.0487 507.84 2.54901
2004-02-28 15:14:17.794264 1713 46 23.7614 34.188 566.72 2.54901
2004-02-28 15:14:50.057482 1714 46 23.7516 34.2577 566.72 2.54901
2004-02-28 15:08:19.125632 1701 47 25.7704 31.3139 1847.36 2.74963
2004-02-28 15:08:47.512897 1702 47 25.7214 31.3491 1847.36 2.74963
2004-02-28 15:09:20.613982 1703 47 25.7116 31.3139 1847.36 2.74963
2004-02-28 15:09:50.151574 1704 47 25.6724 31.3491 1847.36 2.73696
2004-02-28 15:10:17.605956 1705 47 25.6528 31.3844 1847.36 2.74963
2004-02-28 15:10:50.579978 1706 47 25.6332 31.3139 1847.36 2.74963
2004-02-28 15:11:20.500406 1707 47 25.6234 31.3844 1847.36 2.73696
2004-02-28 15:11:50.753683 1708 47 25.6136 31.3139 1847.36 2.73696
2004-02-28 15:12:49.031149 1710 47 25.5646 31.5254 1847.36 2.73696
2004-02-28 15:13:19.119579 1711 47 25.545 31.5959 1847.36 2.74963
2004-02-28 15:13:48.14525 1712 47 25.5352 31.5607 1847.36 2.74963
2004-02-28 15:14:20.234221 1713 47 25.5254 31.5959 1847.36 2.73696
2004-02-28 15:14:48.146346 1714 47 25.496 31.5959 1847.36 2.74963
2004-02-28 15:08:21.325153 1701 48 24.173 33.5604 713.92 2.74963
2004-02-28 15:08:49.465218 1702 48 24.1632 33.5254 743.36 2.74963
2004-02-28 15:09:19.914087 1703 48 24.1436 33.5604 743.36 2.74963
2004-02-28 15:10:22.110834 1705 48 24.124 33.6302 713.92 2.74963
2004-02-28 15:10:47.312533 1706 48 24.1044 33.5953 743.36 2.74963
2004-02-28 15:11:20.668666 1707 48 24.0946 33.5604 772.8 2.74963
2004-02-28 15:11:50.120467 1708 48 24.0848 33.5604 772.8 2.73696
2004-02-28 15:12:20.980168 1709 48 24.075 33.5953 802.24 2.74963
2004-02-28 15:12:50.573278 1710 48 24.0652 33.6302 802.24 2.74963
2004-02-28 15:13:19.272738 1711 48 24.0554 33.6302 831.68 2.74963
2004-02-28 15:13:50.73653 1712 48 24.0554 33.6302 861.12 2.74963
2004-02-28 15:14:49.420033 1714 48 24.0456 33.7 890.56 2.74963
2004-02-28 15:08:49.752984 1702 49 24.7904 31.6664 1081.92 2.73696
2004-02-28 15:09:20.40367 1703 49 24.7806 31.7368 1023.04 2.7244
2004-02-28 15:09:51.669623 1704 49 24.7512 31.772 1023.04 2.7244
2004-02-28 15:10:17.387506 1705 49 24.7512 31.8072 1023.04 2.7244
2004-02-28 15:10:49.399999 1706 49 24.7218 31.8072 1023.04 2.73696
2004-02-28 15:12:21.997381 1709 49 24.663 31.948 1199.68 2.7244
2004-02-28 15:13:17.630124 1711 49 24.6434 31.948 1199.68 2.7244
2004-02-28 15:14:18.763178 1713 49 24.6042 32.0183 1317.44 2.7244
2004-02-28 15:08:17.323365 1701 50 24.3004 33.2458 1729.6 2.73696
2004-02-28 15:09:18.526104 1703 50 24.2808 33.1409 1729.6 2.7244
2004-02-28 15:09:50.694224 1704 50 24.2514 33.0709 1729.6 2.73696
2004-02-28 15:10:19.728133 1705 50 24.2416 33.3158 1729.6 2.7244
2004-02-28 15:10:47.876951 1706 50 24.222 32.8958 1729.6 2.7244
2004-02-28 15:11:18.553127 1707 50 24.222 32.7206 1788.48 2.7244
2004-02-28 15:11:48.528497 1708 50 24.2024 33.0009 1847.36 2.7244
2004-02-28 15:12:48.891102 1710 50 24.1926 33.0009 1847.36 2.7244
2004-02-28 15:13:19.742266 1711 50 24.1828 32.8608 1847.36 2.73696
2004-02-28 15:14:49.027904 1714 50 24.1828 33.1759 1847.36 2.7244
2004-02-28 15:09:20.713979 1703 51 23.9574 33.7 625.6 2.73696
2004-02-28 15:09:50.177655 1704 51 23.9476 33.7 625.6 2.7244
2004-02-28 15:10:51.039218 1706 51 23.928 33.7349 625.6 2.7244
2004-02-28 15:11:18.049329 1707 51 23.9084 33.7349 625.6 2.73696
2004-02-28 15:11:48.15121 1708 51 23.8888 33.8396 655.04 2.7244
2004-02-28 15:12:47.966371 1710 51 23.8692 33.7 655.04 2.7244
2004-02-28 15:13:18.478455 1711 51 23.8496 33.9093 655.04 2.73696
2004-02-28 15:13:49.727827 1712 51 23.8496 33.8396 684.48 2.73696
2004-02-28 15:14:19.565125 1713 51 23.8104 34.188 713.92 2.7244
2004-02-28 15:08:19.125479 1701 52 23.8692 34.188 250.24 2.71196
2004-02-28 15:08:49.167125 1702 52 23.8692 34.3273 250.24 2.69964
2004-02-28 15:09:21.157482 1703 52 23.8692 34.2577 250.24 2.71196
2004-02-28 15:10:49.660783 1706 52 23.8594 34.2577 250.24 2.69964
2004-02-28 15:11:18.067995 1707 52 23.8594 34.3621 250.24 2.69964
2004-02-28 15:11:49.469232 1708 52 23.8594 34.3273 264.96 2.69964
2004-02-28 15:12:17.190788 1709 52 23.8496 34.2577 264.96 2.69964
2004-02-28 15:12:51.671274 1710 52 23.8398 34.3273 264.96 2.71196
2004-02-28 15:14:17.325808 1713 52 23.83 34.2229 279.68 2.69964
2004-02-28 15:14:51.016434 1714 52 23.8104 34.2577 279.68 2.69964
2004-02-28 15:08:47.192147 1702 53 23.1636 35.8185 1317.44 2.71196
2004-02-28 15:09:49.664989 1704 53 23.1636 35.7839 1317.44 2.7244
2004-02-28 15:12:18.145559 1709 53 23.1244 35.853 1435.2 2.71196
2004-02-28 15:12:47.199259 1710 53 23.1048 35.8876 1435.2 2.71196
2004-02-28 15:13:49.291884 1712 53 23.0558 35.9221 1552.96 2.71196
2004-02-28 15:14:19.299815 1713 53 23.0558 35.9221 1611.84 2.71196
2004-02-28 15:14:47.838337 1714 53 23.0852 35.8876 1611.84 2.71196
2004-02-28 15:08:18.429703 1701 54 22.115 37.745 1494.08 2.71196
2004-02-28 15:10:17.606138 1705 54 22.066 37.8477 1435.2 2.69964
2004-02-28 15:10:48.977001 1706 54 22.066 37.8477 1435.2 2.69964
2004-02-28 15:11:49.135426 1708 54 22.0856 37.8477 1552.96 2.71196
2004-02-28 15:12:48.459336 1710 54 22.0758 37.8134 1611.84 2.69964
