1: 2 3 33 35
2: 1 3 4
3: 1 2 4
4: 2 3 5 6
5: 4 6 7
6: 4 5 7
7: 5 6 8 10
8: 7 9 10 53 54
9: 8 10 11 54
10: 7 8 9 11
11: 9 10 12 13
12: 11 13
13: 11 12 14
14: 13 15 18
15: 14 16
16: 15
17: 18 19
18: 14 17 19
19: 17 18 20 21
20: 19 21
21: 19 20 22
22: 21 23
23: 22 27
24: 25
25: 24 26 27
26: 25 27 28
27: 23 25 26 28 29
28: 26 27 29 30 31
29: 27 28 30 31
30: 28 29 31 32
31: 28 29 30 32 33
32: 30 31 33 34
33: 1 31 32 34 35
34: 32 33 35 36
35: 1 33 34 36 37
36: 34 35 37 38
37: 35 36 38 39
38: 36 37 39 40
39: 37 38 40 43
40: 38 39 41 43
41: 40 42
42: 41
43: 39 40 44 45
44: 43 45
45: 43 44 46 47
46: 45 47
47: 45 46 48
48: 47 49 52
49: 48 50 51
50: 49 51
51: 49 50 52
52: 48 51 53
53: 8 52 54
54: 8 9 53
