1: 2 3 4 29 31 32 33 34 35 36 37 39
2: 1 3 4 5 6 33 35 37 39
3: 1 2 4 5 6 29 31 33 35
4: 1 2 3 5 6 7
5: 2 3 4 6 7 8 10 52 53
6: 2 3 4 5 7 8 10 11 13
7: 4 5 6 8 9 10 11 52 53 54
8: 5 6 7 9 10 11 52 53 54
9: 7 8 10 11 12 13 53 54
10: 5 6 7 8 9 11 12 13 53 54
11: 6 7 8 9 10 12 13 14
12: 9 10 11 13 14 15
13: 6 9 10 11 12 14 15 18
14: 11 12 13 15 16 17 18 19
15: 12 13 14 16 17 18
16: 14 15 17 18
17: 14 15 16 18 19 20
18: 13 14 15 16 17 19 20 21
19: 14 17 18 20 21
20: 17 18 19 21 22 23
21: 18 19 20 22 23 27
22: 20 21 23 24 25 27
23: 20 21 22 24 25 26 27 28 29
24: 22 23 25 26 27 28
25: 22 23 24 26 27 28 29 30
26: 23 24 25 27 28 29 30 31
27: 21 22 23 24 25 26 28 29 30 31
28: 23 24 25 26 27 29 30 31 32
29: 1 3 23 25 26 27 28 30 31 32 33 34
30: 25 26 27 28 29 31 32 33 34
31: 1 3 26 27 28 29 30 32 33 34 35
32: 1 28 29 30 31 33 34 35 36
33: 1 2 3 29 30 31 32 34 35 36 37
34: 1 29 30 31 32 33 35 36 37 38 39
35: 1 2 3 31 32 33 34 36 37 38 39 40
36: 1 32 33 34 35 37 38 39 40
37: 1 2 33 34 35 36 38 39 40 41 43
38: 34 35 36 37 39 40 41 42 43
39: 1 2 34 35 36 37 38 40 41 42 43 45
40: 35 36 37 38 39 41 42 43 44 45
41: 37 38 39 40 42 43 44
42: 38 39 40 41 43 44
43: 37 38 39 40 41 42 44 45 46
44: 40 41 42 43 45 46 47
45: 39 40 43 44 46 47 48
46: 43 44 45 47 48
47: 44 45 46 48 49
48: 45 46 47 49 50 51 52 53
49: 47 48 50 51 52
50: 48 49 51 52
51: 48 49 50 52 53 54
52: 5 7 8 48 49 50 51 53 54
53: 5 7 8 9 10 48 51 52 54
54: 7 8 9 10 51 52 53
