0: 30 22 
1: 2 39 9 10 15 24 
2: 1 26 34 5 38 
3: 39 16 17 24 27 28 
4: 33 35 5 39 8 10 12 14 
5: 2 4 10 11 15 21 
6: 32 12 15 17 28 30 
7: 24 9 28 29 
8: 33 34 35 4 17 21 31 
9: 32 1 38 7 20 25 30 
10: 1 4 5 14 27 31 
11: 25 5 
12: 32 33 4 37 6 38 28 
13: 18 
14: 10 4 18 
15: 1 5 38 39 24 6 31 
16: 25 26 3 30 
17: 3 6 8 20 23 27 28 29 
18: 35 13 14 20 22 24 25 27 
19: 25 35 39 23 
20: 34 39 9 17 18 23 31 
21: 8 33 5 22 
22: 0 18 26 21 
23: 34 17 19 20 24 25 29 30 
24: 1 3 7 15 18 23 25 28 
25: 32 37 9 11 16 18 19 23 24 
26: 16 2 36 22 39 
27: 17 10 3 18 
28: 35 6 7 12 17 3 24 
29: 17 23 38 7 
30: 0 33 34 6 9 16 23 
31: 8 10 39 20 15 
32: 33 37 6 9 12 25 
33: 32 4 38 8 12 21 30 
34: 8 2 20 30 23 
35: 8 28 18 19 4 
36: 26 39 
37: 32 25 12 
38: 33 2 9 12 15 29 
39: 1 3 4 15 19 20 36 26 31 
