0: 65 5 71 10 46 81 82 85 57 
1: 80 17 26 50 
2: 34 67 40 73 13 88 82 52 24 25 
3: 41 51 22 70 39 
4: 5 10 76 15 82 61 
5: 0 4 72 73 14 87 56 
6: 57 20 29 70 25 
7: 36 11 19 55 56 57 
8: 74 70 
9: 24 48 42 86 54 
10: 0 4 11 45 47 80 19 60 
11: 38 7 10 75 86 23 58 28 29 
12: 40 16 67 85 62 
13: 2 27 77 22 23 
14: 51 19 5 46 
15: 4 38 71 43 81 19 36 26 63 
16: 67 42 12 77 80 21 24 74 
17: 32 1 42 38 47 
18: 24 43 86 71 
19: 35 37 7 40 10 14 15 53 
20: 64 65 6 74 49 63 
21: 66 37 16 55 57 62 
22: 33 3 13 57 27 63 
23: 73 42 11 45 13 53 
24: 2 9 77 16 18 51 57 61 31 
25: 2 6 38 51 84 56 63 
26: 1 37 70 43 15 80 51 
27: 34 22 42 13 54 87 
28: 64 67 11 77 84 58 
29: 68 6 11 76 45 77 83 55 56 
30: 48 39 52 71 
31: 24 33 66 76 
32: 17 86 63 
33: 47 22 31 
34: 65 2 50 54 56 27 
35: 19 61 59 45 85 
36: 7 41 75 15 80 88 60 61 
37: 72 19 21 57 26 59 60 
38: 11 47 48 17 25 15 
39: 59 3 69 30 87 
40: 2 69 74 12 48 19 
41: 3 36 78 
42: 72 9 16 17 23 27 
43: 26 18 15 
44: 72 57 
45: 10 35 29 58 23 
46: 0 89 14 
47: 33 38 10 17 82 52 57 
48: 38 70 40 9 80 53 30 
49: 56 75 20 69 
50: 1 34 72 73 86 88 59 
51: 64 3 74 77 14 24 25 26 
52: 2 78 47 85 88 30 
53: 69 48 19 23 88 58 59 
54: 56 9 34 27 89 
55: 7 74 78 21 29 63 
56: 64 34 5 7 49 54 25 29 
57: 0 68 37 6 7 72 44 47 21 22 24 58 
58: 11 45 53 88 57 28 
59: 35 37 71 39 50 53 86 62 63 
60: 10 36 37 
61: 35 36 74 82 85 24 4 
62: 59 12 21 
63: 32 68 15 83 20 85 22 55 25 59 
64: 56 20 51 28 
65: 0 80 34 20 
66: 68 84 21 31 
67: 16 12 2 28 
68: 57 66 29 89 63 
69: 40 49 53 39 
70: 3 6 8 76 48 86 26 
71: 0 76 15 18 59 30 
72: 5 42 44 50 57 37 
73: 2 5 50 23 
74: 40 16 81 51 20 8 55 61 
75: 49 11 36 
76: 4 70 71 80 81 29 31 
77: 13 16 51 24 28 29 
78: 41 52 55 
79: 84 
80: 1 36 65 10 76 16 48 26 
81: 0 74 76 15 
82: 0 2 4 47 84 61 
83: 29 63 
84: 25 66 28 82 79 
85: 0 35 12 52 61 63 
86: 32 70 9 11 50 18 59 
87: 27 5 39 
88: 2 36 50 52 53 58 
89: 68 54 46 
