0: 33 5 49 41 45 14 17 29 63 
1: 32 33 68 37 46 51 23 57 
2: 65 3 13 18 20 29 
3: 2 36 39 41 42 50 61 
4: 64 66 46 47 51 21 
5: 0 55 44 14 39 
6: 48 42 11 29 
7: 12 67 52 23 
8: 65 57 31 
9: 65 37 33 10 11 15 49 
10: 9 43 38 30 
11: 9 60 13 6 41 
12: 50 7 
13: 2 40 42 11 66 19 21 
14: 0 65 5 
15: 39 9 48 50 52 27 30 
16: 40 41 45 47 20 22 
17: 0 41 35 36 39 
18: 2 47 49 54 58 27 31 
19: 37 59 13 45 
20: 2 68 16 49 52 57 58 
21: 24 56 42 4 13 
22: 16 68 59 36 45 
23: 1 65 37 38 7 
24: 34 21 31 
25: 59 61 51 53 27 60 29 
26: 51 62 
27: 66 69 15 18 25 58 59 
28: 46 
29: 0 2 6 39 41 47 25 31 
30: 34 40 10 15 51 55 
31: 68 39 8 45 18 52 24 29 62 
32: 1 42 44 37 39 
33: 0 1 65 40 9 45 51 
34: 24 37 30 61 
35: 17 66 58 
36: 17 3 22 63 
37: 32 1 34 9 44 66 19 23 61 
38: 10 67 58 23 
39: 32 66 3 5 15 17 29 31 
40: 16 33 13 30 65 
41: 0 3 11 16 17 29 63 
42: 32 3 6 13 46 51 21 
43: 64 65 10 46 49 51 62 
44: 32 50 37 5 
45: 0 33 16 19 22 31 
46: 1 4 42 43 59 28 62 
47: 64 4 16 18 58 29 
48: 63 62 6 15 
49: 0 9 18 43 20 
50: 44 3 12 53 15 
51: 33 4 1 42 43 25 26 60 30 
52: 69 7 15 20 53 62 31 
53: 56 25 50 52 66 
54: 56 18 
55: 68 5 30 
56: 66 53 54 21 
57: 8 1 20 69 
58: 35 38 47 18 20 27 
59: 67 68 69 46 19 22 25 27 
60: 64 25 51 11 
61: 25 34 3 37 
62: 43 46 48 52 26 31 
63: 48 41 36 0 68 
64: 4 43 60 47 
65: 33 66 8 9 43 2 14 40 23 
66: 65 35 4 37 39 13 53 56 27 69 
67: 59 38 7 
68: 1 31 20 22 55 59 63 
69: 27 57 66 59 52 
