0: 68 8 137 78 176 146 116 154 
1: 163 36 15 147 124 157 
2: 113 179 139 157 
3: 105 19 125 53 
4: 192 34 171 13 84 158 26 30 
5: 126 
6: 96 77 109 17 116 150 
7: 26 139 36 174 
8: 0 64 131 183 
9: 99 72 138 77 170 95 
10: 193 166 198 135 83 120 
11: 88 139 15 
12: 32 184 21 70 
13: 132 141 147 148 4 126 
14: 192 82 46 119 
15: 1 132 41 11 110 146 58 28 
16: 177 83 171 101 174 
17: 65 98 6 70 40 124 
18: 34 131 130 73 98 78 123 
19: 3 132 89 121 189 63 
20: 57 147 110 159 
21: 89 12 165 161 
22: 67 70 173 143 131 94 118 62 127 
23: 145 179 85 
24: 101 44 145 115 149 154 63 
25: 33 165 65 30 120 123 94 
26: 171 4 198 7 107 77 50 60 157 
27: 73 111 52 37 167 
28: 97 67 165 103 42 15 
29: 96 99 172 176 57 58 
30: 25 4 
31: 68 38 39 103 50 180 86 
32: 108 131 12 
33: 25 183 
34: 4 44 178 18 148 153 186 
35: 130 99 198 179 116 59 
36: 1 187 197 7 118 123 
37: 38 39 42 183 52 55 87 27 
38: 194 37 70 139 177 31 159 
39: 104 107 37 31 
40: 184 17 98 109 141 
41: 80 104 15 
42: 88 179 28 37 
43: 181 118 
44: 34 104 151 24 59 63 
45: 59 53 191 
46: 121 60 142 14 185 
47: 129 141 111 180 182 62 
48: 120 122 59 100 82 
49: 116 163 164 133 174 
50: 26 107 132 31 
51: 64 71 181 55 153 155 
52: 160 27 133 72 146 123 37 
53: 3 45 
54: 73 118 
55: 37 144 81 51 150 184 191 158 127 
56: 160 126 
57: 69 134 168 143 20 117 29 
58: 162 29 15 
59: 129 35 44 45 48 115 155 62 
60: 152 26 133 46 158 
61: 120 82 67 76 147 
62: 64 47 22 152 59 159 
63: 194 132 133 44 81 19 84 24 
64: 51 8 171 80 115 180 119 62 
65: 145 104 169 78 176 17 153 120 25 92 
66: 144 164 108 119 
67: 78 148 174 22 119 116 90 28 61 
68: 0 105 146 192 31 
69: 193 57 138 123 71 
70: 17 12 38 22 
71: 176 156 51 188 69 
72: 129 168 9 52 73 120 
73: 195 72 114 144 18 131 116 54 27 
74: 128 185 116 94 199 
75: 104 107 84 
76: 137 107 113 85 61 127 
77: 194 6 9 108 179 180 182 185 26 154 
78: 0 65 67 195 111 18 99 
79: 90 199 
80: 64 194 41 171 177 147 119 
81: 183 63 156 101 55 
82: 48 130 61 14 
83: 129 10 173 110 16 180 90 
84: 185 75 4 196 63 
85: 180 175 76 23 
86: 128 31 
87: 128 100 37 198 145 186 
88: 42 11 162 
89: 136 141 19 21 118 125 
90: 192 161 67 79 83 150 119 
91: 140 117 110 103 
92: 65 114 148 
93: 107 173 142 
94: 198 167 74 147 22 25 191 
95: 144 9 99 
96: 196 6 29 117 189 127 
97: 140 106 28 110 
98: 40 17 138 18 151 
99: 35 100 135 9 139 78 29 95 
100: 99 198 174 111 48 87 
101: 16 24 144 127 81 
102: 132 150 
103: 91 28 179 118 31 
104: 65 39 41 75 44 183 
105: 162 3 68 126 
106: 97 161 111 179 148 124 
107: 164 39 75 76 173 50 26 93 
108: 32 193 66 139 172 77 
109: 40 137 189 6 135 
110: 97 162 133 168 15 83 20 119 116 91 
111: 100 106 78 47 150 154 27 
112: 120 154 123 195 
113: 2 187 76 
114: 73 92 198 
115: 64 24 152 59 122 
116: 0 35 198 6 73 74 110 49 67 
117: 96 192 151 152 57 91 
118: 36 54 134 103 43 145 22 89 167 133 
119: 64 176 66 67 140 14 80 145 110 90 
120: 192 112 196 198 65 72 10 48 25 61 
121: 19 164 46 
122: 48 115 133 166 199 
123: 36 69 146 112 18 52 25 
124: 1 166 106 17 178 126 
125: 136 89 152 3 155 
126: 5 166 105 13 188 180 56 124 191 
127: 96 101 137 76 141 22 55 
128: 74 133 86 87 
129: 72 59 83 47 
130: 161 18 35 82 
131: 32 8 73 18 22 155 189 
132: 102 135 13 15 50 19 157 63 
133: 128 110 143 49 52 118 122 60 154 63 
134: 178 181 118 57 186 187 157 
135: 10 99 132 109 
136: 89 199 125 165 
137: 0 166 76 109 174 127 
138: 98 195 69 9 162 180 
139: 2 99 38 7 11 108 158 
140: 119 97 91 161 
141: 40 13 47 150 89 127 
142: 93 46 
143: 160 133 22 184 57 189 
144: 73 66 95 101 55 
145: 65 87 118 119 24 23 159 
146: 0 195 68 191 15 52 123 159 
147: 1 13 190 80 20 149 61 94 
148: 160 34 67 106 13 195 92 
149: 24 147 180 
150: 6 102 141 111 177 55 90 
151: 184 98 44 117 183 
152: 164 168 115 117 60 125 62 
153: 65 34 51 155 
154: 0 196 133 77 111 112 181 24 
155: 193 131 51 153 186 59 125 
156: 81 71 
157: 1 2 132 134 162 179 180 26 
158: 60 139 4 55 
159: 193 162 38 174 145 146 20 190 62 
160: 56 161 148 52 143 
161: 160 130 164 198 106 140 21 196 90 
162: 195 105 138 110 88 58 157 190 159 
163: 49 1 
164: 161 194 197 107 66 173 49 152 121 
165: 196 199 136 173 21 25 187 28 
166: 137 10 174 122 124 126 
167: 192 27 118 94 
168: 72 57 152 110 
169: 65 
170: 9 174 
171: 64 80 4 16 26 189 
172: 108 29 
173: 194 164 165 107 93 83 22 189 
174: 67 100 166 7 137 170 175 16 49 159 
175: 186 85 174 
176: 0 65 119 29 71 
177: 16 80 38 150 
178: 34 124 134 
179: 2 35 103 106 77 157 23 42 
180: 64 138 77 47 83 149 31 157 126 85 
181: 51 154 43 134 
182: 77 47 
183: 33 194 37 81 104 8 151 
184: 40 143 12 151 55 
185: 74 84 77 46 
186: 34 134 175 87 155 188 
187: 113 36 165 134 
188: 186 126 71 
189: 96 131 171 173 109 19 143 
190: 162 147 159 
191: 146 45 126 94 55 
192: 68 167 14 117 120 4 90 
193: 10 155 108 69 159 
194: 164 38 173 77 80 183 63 
195: 162 73 138 78 112 146 148 
196: 96 161 165 84 120 154 
197: 164 36 
198: 161 35 100 10 114 116 87 120 26 94 
199: 136 165 74 122 79 
