0: 9 34 35 31 
1: 64 27 21 46 13 
2: 64 67 51 4 77 
3: 73 19 52 30 71 
4: 2 35 60 45 
5: 66 68 7 78 52 29 
6: 43 44 45 17 18 27 29 
7: 65 5 71 40 78 50 59 30 
8: 37 17 49 26 59 63 
9: 0 67 74 11 58 60 61 
10: 18 50 21 55 
11: 67 9 43 44 50 51 27 
12: 34 67 71 47 56 53 24 60 30 
13: 1 74 60 38 39 
14: 64 33 73 79 51 41 
15: 66 78 79 51 53 22 57 
16: 42 59 78 
17: 8 52 6 55 
18: 10 19 36 62 6 
19: 18 3 68 53 70 
20: 25 28 
21: 32 1 39 64 10 61 58 74 
22: 34 43 74 15 
23: 49 42 58 
24: 72 73 12 77 52 25 
25: 24 58 20 29 38 
26: 8 77 39 
27: 1 75 68 6 11 45 58 29 
28: 56 20 30 
29: 32 66 5 6 39 44 77 79 25 27 62 
30: 32 3 7 40 12 51 59 28 63 
31: 0 47 39 77 63 
32: 64 35 40 44 50 21 29 30 
33: 76 44 68 38 14 
34: 0 73 42 12 22 
35: 32 0 4 73 45 51 60 
36: 72 76 44 48 18 63 
37: 8 73 74 79 72 57 
38: 25 49 53 13 33 
39: 13 50 21 26 53 29 62 31 
40: 32 66 70 7 45 46 56 61 30 
41: 50 53 14 
42: 66 69 43 34 16 23 
43: 65 66 6 42 11 47 22 
44: 32 33 36 6 65 11 53 55 29 
45: 35 4 6 40 75 76 52 27 
46: 40 1 68 65 
47: 66 74 43 12 60 31 
48: 72 36 
49: 64 38 8 76 77 54 23 
50: 32 70 39 41 10 11 76 78 54 7 
51: 2 35 68 11 14 15 30 
52: 66 3 5 45 17 24 
53: 38 39 72 41 71 44 12 15 19 
54: 72 49 50 75 
55: 76 10 75 44 79 17 62 
56: 40 28 58 12 78 
57: 37 15 
58: 9 74 21 23 56 25 27 
59: 64 7 8 73 16 30 
60: 35 4 9 12 13 47 61 62 
61: 67 40 9 75 77 21 60 
62: 18 55 60 29 39 
63: 8 36 30 31 
64: 32 1 2 14 49 21 59 
65: 66 68 69 7 43 44 77 46 79 
66: 65 5 70 40 42 43 47 52 15 29 
67: 9 2 11 12 61 
68: 33 5 51 65 73 75 46 19 27 
69: 65 42 
70: 66 40 73 74 50 19 
71: 3 12 53 7 
72: 36 37 48 53 54 24 
73: 34 3 68 37 70 14 35 24 59 
74: 37 70 9 13 47 21 22 58 
75: 68 45 54 55 27 61 
76: 33 36 45 49 50 55 
77: 65 2 29 49 24 26 61 31 
78: 5 7 15 16 50 56 79 
79: 65 37 78 15 14 55 29 
