0: 64 90 59 37 38 
1: 49 42 91 44 65 
2: 74 83 31 
3: 32 97 4 7 11 49 85 
4: 3 6 48 27 19 20 24 57 91 
5: 99 7 40 13 16 18 24 59 
6: 68 4 47 15 49 36 79 28 
7: 64 3 12 5 86 
8: 48 46 
9: 96 42 28 38 47 
10: 19 60 14 
11: 57 98 3 97 
12: 26 60 7 
13: 18 39 60 93 5 
14: 10 15 29 69 63 
15: 32 6 14 90 30 31 
16: 80 34 91 5 62 
17: 68 29 
18: 92 45 29 5 13 
19: 96 4 37 10 43 80 54 23 63 
20: 96 64 4 81 50 21 93 
21: 64 66 40 42 48 20 54 90 61 
22: 40 67 47 
23: 57 34 19 53 69 
24: 33 4 5 41 53 56 58 69 
25: 89 34 30 
26: 12 53 
27: 49 50 4 
28: 9 61 6 
29: 96 14 17 18 86 56 61 
30: 38 15 52 85 25 93 
31: 2 15 82 53 89 60 
32: 89 50 3 15 
33: 24 56 38 
34: 36 38 39 40 41 16 50 23 25 63 
35: 72 67 85 63 
36: 34 6 41 77 86 56 
37: 0 19 61 
38: 0 9 34 30 33 
39: 98 99 34 13 81 87 95 
40: 64 34 5 75 21 22 
41: 34 36 46 83 87 24 59 62 
42: 1 98 9 82 51 84 21 87 
43: 19 66 98 45 82 51 93 
44: 1 75 84 77 57 
45: 49 18 43 90 82 
46: 8 41 91 79 
47: 9 94 60 22 6 
48: 8 68 4 21 79 
49: 27 1 3 45 6 
50: 32 34 80 20 90 27 
51: 57 42 43 69 
52: 72 76 70 30 85 
53: 83 23 24 26 91 31 
54: 64 19 21 
55: 84 57 98 92 
56: 33 36 71 72 24 92 29 
57: 4 11 44 51 55 23 93 
58: 24 82 59 84 
59: 0 41 58 66 5 
60: 67 10 12 13 47 85 88 31 
61: 21 28 37 29 
62: 16 41 70 86 80 
63: 97 34 35 73 14 19 92 
64: 0 97 7 40 78 20 21 54 87 
65: 80 1 92 78 97 
66: 59 43 21 
67: 92 97 35 60 22 
68: 48 17 6 89 
69: 24 51 14 23 
70: 75 52 62 
71: 56 96 
72: 56 35 52 
73: 74 63 79 
74: 97 2 73 79 88 95 
75: 40 98 44 70 79 
76: 52 87 
77: 84 81 44 36 
78: 64 65 86 94 
79: 99 6 73 74 75 46 48 81 
80: 97 65 16 50 19 62 
81: 97 39 77 79 83 20 86 93 
82: 45 42 43 58 31 
83: 41 2 84 53 81 
84: 97 42 44 77 83 55 58 
85: 35 99 3 52 89 60 30 
86: 36 7 78 81 29 62 
87: 64 41 42 76 39 
88: 74 60 90 
89: 32 98 68 85 25 31 
90: 0 45 15 50 21 88 
91: 1 4 46 16 53 93 
92: 65 67 18 55 56 63 
93: 43 13 81 20 57 91 30 
94: 78 47 
95: 74 39 
96: 9 19 20 29 71 
97: 64 65 67 74 11 80 81 3 84 63 
98: 11 39 42 75 43 55 89 
99: 79 5 85 39 
