0: 24 22 7 
1: 4 21 14 
2: 24 12 29 23 
3: 5 8 15 16 20 26 28 
4: 1 10 12 21 25 28 
5: 3 12 14 22 23 
6: 17 27 20 9 
7: 0 19 28 21 15 
8: 27 9 3 25 
9: 8 20 6 
10: 16 28 4 13 
11: 12 17 20 21 23 25 
12: 2 4 5 11 13 15 19 26 29 
13: 24 10 12 
14: 1 5 16 22 27 28 
15: 23 28 3 12 7 
16: 10 3 14 
17: 19 18 11 21 6 
18: 17 19 23 24 26 27 
19: 17 18 12 7 
20: 3 6 9 11 24 25 
21: 1 4 7 11 17 26 27 
22: 0 25 27 5 14 
23: 2 5 11 15 18 27 
24: 0 2 13 18 20 29 
25: 4 8 11 20 22 29 
26: 18 3 12 21 29 
27: 6 8 14 18 21 22 23 
28: 3 4 7 10 14 15 
29: 24 25 2 12 26 
