0: 27 328 66 395 119 
1: 392 105 361 237 95 
2: 344 288 12 
3: 8 368 318 173 278 
4: 356 323 372 45 
5: 280 90 
6: 384 305 148 166 289 
7: 209 131 390 319 
8: 3 229 328 336 371 215 219 
9: 97 358 236 173 178 148 221 
10: 168 201 286 320 
11: 12 203 44 399 176 212 119 308 
12: 2 102 135 360 11 140 
13: 166 391 233 74 369 245 154 
14: 253 364 237 118 111 
15: 260 236 173 303 240 378 60 
16: 96 388 392 173 56 93 
17: 264 79 112 342 23 318 
18: 290 165 300 397 143 48 207 348 
19: 376 48 278 
20: 72 252 330 267 303 53 120 156 
21: 48 299 244 45 
22: 256 339 181 270 
23: 196 265 301 368 17 250 
24: 244 29 
25: 357 135 114 54 282 188 127 
26: 370 314 382 
27: 0 195 198 326 204 53 92 382 
28: 64 257 134 331 176 282 287 
29: 34 329 266 335 24 380 
30: 33 226 294 232 51 182 157 
31: 370 37 329 173 174 178 
32: 384 100 327 232 76 48 372 345 
33: 365 112 216 217 314 284 30 
34: 262 263 40 171 29 159 
35: 360 203 364 83 244 217 153 
36: 108 124 197 
37: 163 141 344 114 152 31 
38: 153 273 321 127 
39: 244 255 
40: 64 34 395 143 339 348 
41: 293 233 202 141 189 254 
42: 346 131 242 
43: 98 292 358 326 106 189 94 
44: 96 224 233 11 268 370 282 
45: 96 4 331 141 305 21 
46: 288 369 355 
47: 176 244 86 154 125 63 
48: 32 389 144 18 19 21 214 
49: 288 139 206 112 153 250 
50: 225 386 69 82 83 55 
51: 164 261 105 142 113 245 218 30 159 
52: 73 252 276 254 311 
53: 353 196 177 20 55 56 27 
54: 25 172 206 
55: 193 226 50 371 372 53 
56: 96 201 106 399 16 53 311 249 377 213 
57: 322 292 293 296 107 121 
58: 96 98 389 166 137 187 165 
59: 331 60 358 
60: 390 200 110 15 274 89 59 
61: 386 231 295 250 380 222 
62: 98 395 107 397 148 309 182 119 221 
63: 64 128 355 342 47 310 123 
64: 40 268 369 180 28 63 
65: 263 72 362 235 110 366 120 
66: 0 395 260 215 
67: 192 132 135 267 273 215 319 
68: 128 256 317 327 
69: 168 50 220 133 391 
70: 162 227 204 150 315 125 
71: 120 266 203 334 
72: 65 130 144 20 244 126 
73: 257 164 201 388 299 302 52 310 217 154 253 159 
74: 283 145 227 13 247 
75: 201 386 354 278 94 
76: 32 119 372 389 127 
77: 320 356 371 212 181 316 
78: 321 196 266 301 81 243 350 
79: 17 294 359 
80: 193 326 208 306 211 119 
81: 152 308 278 78 261 
82: 326 171 50 179 246 186 
83: 35 278 50 214 280 217 
84: 260 284 158 
85: 272 
86: 161 228 393 207 181 47 157 286 
87: 391 116 251 143 
88: 312 300 109 134 349 
89: 162 234 203 175 143 60 266 
90: 5 327 203 246 313 249 188 94 
91: 275 227 187 398 
92: 394 27 244 171 109 
93: 384 398 16 115 116 218 
94: 353 162 43 75 90 283 
95: 1 107 364 163 367 
96: 44 45 237 16 146 214 56 58 155 
97: 163 263 9 205 174 271 146 221 
98: 264 43 144 242 58 62 
99: 161 316 118 
100: 32 354 324 292 276 340 
101: 345 361 121 
102: 296 147 12 341 302 
103: 136 321 
104: 138 363 285 214 313 253 
105: 354 1 258 51 178 
106: 134 135 328 43 204 177 56 348 319 
107: 363 267 303 146 57 383 62 95 
108: 192 36 325 231 114 342 
109: 194 197 331 272 147 88 92 
110: 65 60 181 343 
111: 130 195 292 205 14 343 
112: 257 49 33 392 17 211 
113: 384 153 51 229 253 
114: 192 37 108 209 372 25 
115: 344 161 314 93 
116: 170 196 93 87 
117: 272 342 
118: 194 99 263 14 273 214 222 
119: 0 268 11 76 80 213 329 62 
120: 65 162 71 201 20 191 
121: 192 101 136 269 186 57 122 285 383 
122: 121 234 171 293 269 
123: 240 275 382 63 
124: 184 138 283 36 242 
125: 70 138 171 172 173 47 346 
126: 72 189 310 
127: 194 293 38 76 181 345 25 
128: 354 68 233 302 217 188 63 
129: 358 366 337 308 151 318 
130: 72 111 200 178 303 190 191 
131: 291 7 201 42 332 387 
132: 67 302 231 
133: 69 138 175 369 211 250 159 
134: 257 106 205 244 88 28 221 
135: 67 106 12 336 382 25 222 
136: 103 202 363 142 175 121 319 
137: 58 283 167 
138: 133 104 233 236 124 374 279 316 125 
139: 193 166 284 269 49 310 252 
140: 313 188 12 177 
141: 352 41 37 45 
142: 136 378 51 171 318 
143: 40 89 18 245 87 
144: 256 98 323 391 72 48 148 311 376 
145: 352 74 196 
146: 96 97 225 107 209 338 
147: 251 188 109 102 397 
148: 6 359 9 375 317 144 329 253 62 
149: 394 
150: 70 396 394 236 310 344 156 
151: 129 155 188 246 
152: 81 378 265 37 305 
153: 353 354 35 38 49 399 113 
154: 257 73 13 47 156 253 
155: 96 367 151 340 279 
156: 154 20 357 150 398 
157: 354 212 30 86 279 180 220 222 
158: 214 236 84 341 268 
159: 384 34 133 295 73 371 365 334 51 180 219 317 
160: 336 347 179 167 
161: 192 322 99 361 387 334 115 276 86 
162: 70 270 94 120 89 350 
163: 97 37 231 204 287 378 351 95 
164: 73 51 285 325 255 
165: 257 58 18 349 229 
166: 58 139 13 6 
167: 160 137 359 265 
168: 192 69 10 272 377 252 349 351 
169: 275 280 291 319 
170: 256 295 176 116 183 381 
171: 34 142 240 82 185 122 92 125 
172: 256 314 125 54 253 
173: 3 9 234 15 16 221 351 125 31 
174: 97 204 397 342 31 
175: 292 133 136 363 396 89 
176: 320 295 327 28 170 11 47 242 380 
177: 195 326 106 140 398 53 216 350 
178: 193 130 198 9 244 246 105 31 
179: 160 362 82 
180: 64 197 396 269 247 159 157 255 
181: 22 199 264 77 110 270 86 247 127 
182: 360 227 62 30 287 
183: 194 198 359 170 274 375 344 
184: 352 185 299 124 232 
185: 184 171 311 
186: 312 121 82 195 208 
187: 296 58 91 238 287 
188: 128 299 140 147 151 280 25 90 
189: 387 41 43 126 284 254 
190: 360 209 130 305 199 
191: 120 130 203 246 222 
192: 161 67 199 168 108 337 114 121 219 232 
193: 260 197 139 80 178 55 376 
194: 233 394 268 109 118 183 127 
195: 111 177 372 186 27 382 
196: 257 329 78 145 116 53 23 219 
197: 193 258 36 393 269 109 180 
198: 336 178 27 228 183 
199: 192 224 190 350 181 346 218 254 
200: 290 298 130 373 60 253 
201: 131 73 10 75 56 120 349 
202: 136 41 269 337 361 381 
203: 35 71 11 243 89 90 191 
204: 163 70 106 174 306 213 312 27 
205: 97 134 225 235 111 308 245 
206: 54 299 49 274 310 311 221 
207: 292 297 18 340 86 219 
208: 80 186 226 247 
209: 354 356 7 231 146 114 280 250 190 
210: 363 219 333 
211: 112 80 248 133 297 
212: 359 388 263 393 11 77 368 157 
213: 267 363 204 374 119 56 
214: 96 104 48 83 118 158 
215: 354 67 356 8 290 66 343 
216: 33 355 177 217 347 286 351 
217: 128 33 35 359 73 236 280 83 216 
218: 273 309 51 93 199 
219: 192 289 196 328 370 207 8 210 340 159 
220: 259 69 326 263 362 157 221 
221: 97 134 232 9 173 206 220 62 
222: 135 157 118 316 61 191 
223: 336 330 299 349 
224: 44 357 199 
225: 287 50 235 146 205 
226: 325 311 396 208 55 30 
227: 229 70 295 74 182 91 
228: 86 198 
229: 227 165 8 330 395 113 
230: 384 283 347 387 366 
231: 163 132 261 108 209 61 
232: 32 192 386 184 221 30 
233: 128 320 194 390 41 138 44 13 368 
234: 261 295 173 89 122 285 
235: 225 386 205 65 
236: 278 9 138 15 150 376 217 158 357 
237: 96 1 327 393 14 384 245 374 
238: 320 187 308 
239: 248 257 381 
240: 123 171 15 
241: 259 260 360 265 306 277 317 
242: 176 376 98 124 42 
243: 377 203 396 382 78 
244: 35 134 39 72 47 178 21 24 92 382 
245: 295 328 274 13 237 205 51 313 143 
246: 259 178 269 82 151 90 317 191 
247: 74 208 180 181 315 380 266 
248: 211 239 
249: 56 288 90 328 311 
250: 258 133 209 317 49 23 312 61 
251: 388 279 147 277 87 347 
252: 168 20 139 52 335 
253: 113 104 73 172 14 200 275 148 154 
254: 263 41 199 52 372 189 
255: 180 164 313 39 
256: 352 68 170 172 144 22 260 
257: 290 196 165 134 73 269 239 112 388 154 28 
258: 105 250 269 197 357 
259: 322 387 270 241 246 347 220 
260: 256 193 66 15 241 84 311 
261: 231 234 300 81 274 51 
262: 34 386 
263: 97 34 65 332 367 371 212 118 340 220 254 
264: 17 98 181 
265: 385 167 241 372 23 152 
266: 71 330 78 247 89 29 345 
267: 107 67 20 213 
268: 64 194 44 338 119 158 
269: 257 258 197 202 139 397 304 180 246 311 121 122 287 
270: 354 259 278 162 181 22 316 
271: 97 282 323 
272: 386 168 109 303 117 85 
273: 352 67 38 118 345 218 379 
274: 261 206 245 183 60 382 
275: 91 169 298 123 253 
276: 161 52 100 
277: 379 241 251 304 
278: 19 3 396 75 236 270 81 83 
279: 251 326 138 378 155 157 
280: 5 295 169 394 209 83 316 217 188 
281: 347 295 
282: 25 28 44 390 271 
283: 230 137 74 284 380 124 94 
284: 33 283 84 139 189 
285: 104 121 234 164 346 
286: 323 326 10 336 337 86 216 
287: 225 163 292 269 182 187 28 
288: 2 46 367 49 313 249 
289: 352 219 6 
290: 257 200 394 18 340 215 313 
291: 169 131 385 
292: 100 43 175 111 57 207 287 
293: 41 122 127 366 57 
294: 30 79 
295: 321 227 234 176 337 245 170 280 281 61 159 
296: 360 57 187 341 102 
297: 324 211 300 207 
298: 200 275 356 342 358 
299: 73 206 21 310 184 188 223 
300: 261 297 367 18 375 88 
301: 78 23 
302: 128 73 132 318 102 
303: 130 355 358 107 15 272 20 
304: 321 269 277 
305: 152 333 45 6 190 
306: 80 241 204 397 
307: 352 
308: 129 11 205 238 81 314 
309: 218 62 
310: 299 73 139 206 336 150 126 63 
311: 226 260 326 269 206 144 52 342 185 56 249 
312: 88 186 204 250 
313: 288 290 104 140 371 245 90 255 
314: 33 172 115 308 26 382 
315: 326 70 247 
316: 99 138 77 270 280 380 222 
317: 321 68 241 148 246 250 159 
318: 129 3 390 329 302 17 334 142 
319: 67 325 7 136 169 106 365 351 
320: 176 233 10 77 238 
321: 38 103 295 78 304 317 351 
322: 161 335 259 57 
323: 144 4 286 271 
324: 297 346 100 351 
325: 164 226 108 319 
326: 311 315 43 80 177 82 279 27 220 286 
327: 32 68 394 237 176 90 
328: 0 8 106 245 249 219 351 
329: 196 372 148 342 119 377 29 318 31 
330: 266 383 20 229 223 
331: 383 59 28 109 45 
332: 131 263 
333: 305 210 
334: 161 159 391 318 71 
335: 322 252 29 
336: 160 198 135 8 396 310 286 223 
337: 192 129 295 202 363 366 286 
338: 146 387 268 
339: 40 22 
340: 290 219 100 263 207 155 
341: 353 354 102 296 347 158 
342: 329 298 108 174 17 117 311 394 63 
343: 111 110 215 
344: 2 115 37 150 183 
345: 32 386 101 358 266 273 127 
346: 324 199 42 365 285 125 
347: 160 259 230 365 341 216 281 251 
348: 40 18 106 358 
349: 168 201 165 88 223 
350: 177 162 78 199 
351: 321 163 324 360 168 173 328 216 319 
352: 256 289 145 141 273 307 184 
353: 389 363 53 153 94 341 
354: 128 100 105 75 270 209 341 215 153 157 361 
355: 216 63 46 303 
356: 209 298 4 77 215 
357: 224 25 258 156 236 
358: 129 9 298 43 303 373 345 59 348 
359: 148 167 79 212 183 217 
360: 35 296 12 241 182 190 351 
361: 1 202 354 161 101 
362: 65 179 220 
363: 353 104 107 175 337 210 213 136 
364: 35 14 95 
365: 33 319 346 347 381 159 
366: 65 293 230 129 337 373 
367: 288 263 300 396 155 95 
368: 233 3 212 23 
369: 64 13 46 133 
370: 26 219 44 31 
371: 263 8 77 55 313 159 
372: 32 195 4 265 55 76 114 329 254 
373: 200 366 358 
374: 138 237 213 
375: 300 148 183 
376: 144 193 242 19 236 
377: 56 329 168 243 
378: 152 15 163 142 279 
379: 273 277 383 
380: 61 176 247 283 316 29 
381: 170 365 202 239 
382: 27 195 135 387 274 243 244 314 123 26 
383: 379 121 330 331 107 
384: 32 230 6 237 113 93 159 
385: 265 291 
386: 235 262 232 75 272 50 345 61 
387: 161 259 230 338 131 189 382 
388: 16 257 251 212 73 
389: 48 353 58 76 
390: 233 282 60 318 7 
391: 69 396 13 398 144 334 87 
392: 16 112 1 
393: 212 197 86 237 
394: 194 342 327 290 149 150 280 92 
395: 0 40 66 229 62 
396: 226 150 391 367 336 243 180 278 175 
397: 306 174 269 18 147 62 
398: 177 91 156 93 391 
399: 56 153 11 
