0: 256 482 499 327 
1: 464 250 180 
2: 386 492 332 83 20 281 479 
3: 121 171 429 206 
4: 357 330 12 78 112 49 277 216 27 
5: 330 395 350 
6: 386 8 74 290 341 375 313 349 
7: 136 313 90 235 
8: 32 6 329 235 372 53 215 318 
9: 33 225 236 206 306 467 
10: 100 68 264 339 52 408 185 
11: 24 305 164 359 
12: 65 4 198 200 139 367 438 25 447 
13: 112 65 34 227 
14: 49 202 313 406 273 
15: 385 36 209 74 497 338 117 150 
16: 149 268 244 45 41 
17: 91 147 108 463 
18: 168 59 242 35 342 
19: 294 493 143 147 122 92 285 
20: 66 261 332 2 151 313 
21: 184 249 346 384 37 
22: 483 273 401 451 248 154 
23: 304 369 491 303 
24: 71 11 429 430 273 434 406 
25: 260 404 12 62 367 
26: 192 165 490 235 111 304 150 284 478 
27: 290 4 421 366 244 314 251 60 
28: 384 163 211 296 105 397 431 338 179 
29: 451 232 329 106 334 280 
30: 48 331 475 
31: 104 161 92 54 471 
32: 130 8 395 108 339 186 316 
33: 480 9 403 
34: 273 201 396 13 303 305 370 152 121 
35: 323 329 269 240 18 83 377 479 380 191 
36: 200 15 494 47 118 431 
37: 224 331 236 21 53 
38: 421 263 106 45 80 242 147 475 476 
39: 385 427 293 459 496 350 447 
40: 449 404 277 214 439 
41: 263 360 271 16 308 309 121 410 
42: 489 267 116 94 55 
43: 142 303 243 341 349 317 318 
44: 313 235 332 325 
45: 38 422 265 16 116 159 
46: 162 227 326 167 231 241 117 445 
47: 407 36 61 175 
48: 56 296 30 63 
49: 352 4 14 
50: 108 204 337 276 73 408 313 379 124 
51: 472 321 387 494 433 
52: 294 423 10 460 312 438 56 444 106 
53: 481 66 292 37 8 430 499 211 90 284 
54: 322 67 169 302 150 376 123 31 
55: 293 72 42 338 125 370 477 
56: 244 48 52 248 153 478 447 
57: 283 381 71 
58: 200 274 324 430 
59: 354 18 207 496 178 476 
60: 408 27 468 479 
61: 352 417 239 47 
62: 99 196 296 335 217 25 414 
63: 311 48 341 439 446 319 
64: 162 219 356 138 363 495 155 
65: 194 262 12 13 175 116 90 367 410 
66: 299 366 463 402 20 277 53 
67: 54 358 209 149 150 151 309 
68: 265 10 363 396 
69: 491 197 363 451 337 371 181 
70: 73 171 270 144 376 348 126 
71: 424 106 24 57 283 138 
72: 192 146 478 55 
73: 225 70 232 201 396 50 407 221 
74: 355 6 395 332 15 472 383 
75: 200 368 354 359 
76: 351 303 
77: 445 98 403 146 167 
78: 171 4 135 
79: 352 330 284 127 
80: 38 124 111 217 282 316 382 
81: 145 307 201 
82: 359 428 245 182 311 412 382 
83: 267 2 35 163 
84: 437 87 
85: 228 133 359 425 239 371 406 152 
86: 179 301 366 
87: 84 356 133 116 311 312 244 475 
88: 133 166 391 
89: 412 499 260 133 
90: 65 354 165 7 167 337 53 95 
91: 17 217 413 175 
92: 327 19 356 445 31 
93: 309 388 253 134 237 
94: 192 358 169 42 174 273 435 180 372 447 
95: 484 390 230 330 471 90 
96: 192 145 244 149 372 
97: 291 200 495 214 126 319 
98: 450 163 228 77 151 249 
99: 218 406 62 373 
100: 10 181 302 495 
101: 113 471 238 281 
102: 192 187 215 
103: 465 350 270 
104: 321 260 31 
105: 28 
106: 38 71 499 52 439 188 29 
107: 298 332 
108: 32 193 50 123 17 
109: 448 388 358 136 401 383 
110: 473 378 492 170 
111: 448 260 293 490 493 335 80 26 349 
112: 177 243 4 13 222 
113: 101 390 330 301 366 304 210 149 407 283 
114: 256 154 198 295 
115: 169 297 179 213 237 
116: 65 133 394 492 45 207 209 178 87 42 
117: 288 46 15 
118: 359 36 191 
119: 417 227 321 238 303 347 411 
120: 465 386 155 397 451 
121: 34 3 41 172 210 405 214 382 
122: 329 347 19 
123: 161 54 327 394 108 271 403 150 312 
124: 80 169 50 498 221 
125: 251 390 55 
126: 97 70 454 495 470 154 382 
127: 248 232 436 288 79 
128: 417 314 458 303 
129: 137 388 289 321 207 
130: 32 435 284 
131: 289 355 454 301 435 437 315 443 
132: 393 460 165 
133: 355 262 404 116 85 87 88 89 317 
134: 320 297 170 141 463 93 
135: 416 289 326 137 426 78 219 
136: 260 7 109 304 497 372 218 
137: 129 419 135 457 429 370 259 310 158 
138: 64 140 212 476 71 
139: 482 201 151 12 338 278 233 
140: 384 225 482 138 238 402 342 474 
141: 354 198 134 263 489 486 432 177 186 348 
142: 360 370 43 341 182 
143: 261 422 19 244 252 157 415 
144: 365 70 183 
145: 96 81 260 
146: 72 312 77 449 
147: 166 38 433 424 17 19 187 
148: 184 276 493 271 
149: 96 257 258 67 204 16 113 245 
150: 67 173 15 436 54 26 123 
151: 98 67 456 139 398 369 20 377 
152: 34 266 459 240 85 279 443 
153: 56 306 460 310 
154: 114 431 126 22 463 
155: 64 359 457 205 238 120 
156: 498 243 188 358 
157: 303 250 219 143 
158: 375 137 298 431 233 
159: 266 45 
160: 400 459 414 
161: 123 261 31 
162: 192 64 46 206 444 222 
163: 257 98 83 217 186 28 
164: 434 11 438 303 
165: 132 293 231 26 252 90 
166: 256 176 147 406 88 313 318 191 
167: 445 90 77 46 349 
168: 454 425 465 18 244 318 
169: 487 393 369 115 54 124 94 
170: 134 110 
171: 494 3 78 70 477 
172: 121 242 457 289 177 
173: 362 199 428 150 399 
174: 307 94 390 221 
175: 65 187 357 47 369 274 373 343 91 
176: 288 402 268 182 166 
177: 320 172 141 112 433 212 378 382 
178: 384 116 59 316 294 
179: 224 86 432 115 374 28 
180: 416 1 327 399 183 189 94 
181: 100 69 457 267 367 277 249 443 
182: 288 290 142 253 176 401 82 277 278 346 189 
183: 325 297 144 370 180 408 443 382 
184: 473 148 21 385 
185: 225 455 10 338 469 314 250 
186: 32 163 235 268 141 304 
187: 355 102 236 492 175 464 147 495 410 303 
188: 316 106 156 367 
189: 180 316 293 182 
190: 234 451 
191: 363 35 166 118 
192: 96 162 390 102 72 429 26 94 
193: 229 230 361 108 208 374 285 
194: 368 65 416 342 320 
195: 230 204 306 344 378 346 253 
196: 296 331 62 
197: 69 363 269 205 336 282 442 
198: 472 114 219 12 141 
199: 173 470 
200: 97 36 422 425 75 12 274 58 
201: 34 324 73 139 492 81 244 379 
202: 416 448 227 462 14 278 253 
203: 217 443 213 475 303 
204: 320 195 488 208 50 149 377 382 
205: 224 155 197 390 
206: 480 162 3 295 9 287 
207: 129 419 365 116 277 59 415 
208: 193 204 334 
209: 290 67 116 278 15 
210: 481 323 486 494 113 291 277 121 443 
211: 417 264 395 399 53 28 
212: 328 177 138 
213: 453 358 203 396 305 115 
214: 40 97 121 
215: 257 228 102 8 269 304 478 
216: 491 4 454 459 432 381 
217: 163 203 80 91 445 62 
218: 136 232 99 
219: 64 198 135 466 339 157 
220: 424 498 
221: 423 73 174 370 310 124 
222: 112 162 351 354 383 
223: 309 270 319 
224: 37 360 332 205 302 304 179 341 
225: 73 140 9 279 185 345 
226: 434 458 
227: 202 13 46 119 
228: 98 85 286 215 
229: 193 250 485 
230: 193 362 195 95 
231: 260 165 422 392 270 46 345 
232: 73 218 29 127 
233: 139 469 158 287 
234: 328 330 491 190 
235: 7 8 268 44 275 186 26 282 
236: 37 264 9 271 433 409 187 
237: 331 115 93 
238: 348 155 140 101 119 
239: 262 61 275 340 85 381 
240: 152 440 35 317 305 
241: 473 420 334 46 351 
242: 352 38 172 18 403 244 
243: 480 43 331 112 314 347 156 
244: 96 168 201 394 143 16 242 469 87 56 27 
245: 481 355 390 82 149 346 
246: 352 416 346 471 247 
247: 482 454 246 
248: 321 328 22 56 409 127 
249: 98 331 363 349 181 427 350 21 
250: 157 1 229 341 185 
251: 481 338 27 125 426 
252: 449 165 393 461 143 433 
253: 259 325 202 195 182 347 284 93 
254: 408 361 413 366 
255: 416 
256: 0 354 166 327 332 304 114 473 285 
257: 385 163 326 401 360 369 306 149 215 
258: 296 376 316 149 
259: 137 301 253 445 345 
260: 231 136 111 145 309 406 25 89 104 
261: 161 458 331 367 20 474 143 
262: 65 338 469 133 239 
263: 462 41 141 38 
264: 451 10 371 236 336 211 409 413 
265: 451 68 45 494 466 277 470 388 378 
266: 440 376 274 152 159 444 317 383 
267: 368 42 83 181 
268: 16 176 186 235 420 
269: 464 35 197 368 276 215 350 
270: 70 231 328 103 476 223 
271: 41 236 429 371 148 471 345 123 380 478 
272: 439 334 278 495 
273: 34 426 365 14 22 24 94 
274: 200 58 314 266 175 
275: 338 235 372 461 239 
276: 327 269 302 50 148 478 
277: 66 4 40 265 493 207 210 181 182 
278: 465 202 139 334 399 272 209 182 348 
279: 152 225 383 
280: 428 394 468 29 431 
281: 450 2 101 
282: 197 235 80 444 381 287 
283: 450 419 113 71 369 345 344 57 
284: 130 79 53 375 26 253 
285: 320 193 291 426 397 256 367 19 409 
286: 474 228 325 302 
287: 290 294 233 334 206 282 
288: 176 332 336 117 182 127 
289: 129 131 454 135 172 309 442 
290: 6 497 455 397 209 182 27 287 
291: 97 386 486 423 392 210 285 
292: 496 53 325 
293: 384 165 39 330 429 111 405 55 189 
294: 496 178 19 52 287 
295: 483 330 206 400 114 441 
296: 417 258 196 453 455 28 48 444 62 
297: 134 457 462 401 115 183 378 379 
298: 107 158 
299: 384 473 66 316 478 
300: 403 
301: 259 398 113 402 131 86 
302: 224 100 305 276 54 475 286 
303: 128 34 43 164 23 76 493 203 119 187 157 
304: 256 224 136 23 492 113 215 186 26 
305: 34 486 11 302 240 213 
306: 257 195 9 309 376 153 
307: 81 174 449 
308: 41 458 335 
309: 289 67 260 41 427 492 445 306 375 93 223 
310: 137 315 221 153 
311: 82 87 63 
312: 486 494 146 52 87 123 
313: 166 6 7 44 14 50 20 
314: 128 185 274 243 27 
315: 131 413 310 
316: 32 258 299 363 80 178 188 189 
317: 240 266 43 133 471 
318: 8 168 43 166 337 
319: 97 346 63 223 
320: 194 134 489 204 445 177 341 285 
321: 481 129 385 104 51 437 119 248 446 
322: 376 394 467 54 
323: 480 339 210 35 
324: 385 58 434 201 
325: 292 44 253 286 183 
326: 257 386 46 135 
327: 0 256 396 180 276 123 92 
328: 234 270 340 248 212 330 
329: 450 35 8 334 122 29 
330: 4 293 295 328 234 79 113 498 388 5 382 95 
331: 196 37 371 237 243 249 30 261 
332: 224 256 2 74 107 44 288 20 407 445 
333: 408 457 419 
334: 272 329 208 241 278 29 287 
335: 466 111 498 308 439 62 
336: 288 264 197 382 
337: 69 391 457 463 50 90 318 
338: 453 262 423 139 15 275 55 185 251 28 414 
339: 32 323 452 10 401 219 394 
340: 328 356 379 468 239 
341: 224 320 6 43 142 250 63 
342: 194 140 18 
343: 175 419 357 486 423 
344: 442 283 365 195 
345: 225 259 231 361 271 467 283 
346: 195 182 486 430 21 246 319 245 
347: 480 243 119 377 122 253 
348: 70 487 394 141 238 462 278 351 
349: 452 6 167 43 111 436 249 351 
350: 5 39 103 492 269 249 
351: 482 76 241 348 349 222 
352: 49 242 61 246 79 
353: 491 
354: 256 75 141 90 59 222 
355: 131 133 424 74 456 187 245 411 444 
356: 64 426 340 87 443 92 
357: 492 175 4 343 
358: 67 156 109 94 213 
359: 75 11 82 451 85 118 378 155 
360: 224 257 142 41 
361: 193 394 254 345 
362: 173 230 
363: 64 68 197 316 249 191 412 69 
364: 440 402 467 404 471 
365: 418 484 493 462 207 144 273 472 407 344 382 
366: 384 66 485 450 461 113 86 27 254 
367: 65 261 12 494 181 25 188 285 
368: 267 194 75 269 
369: 257 169 151 175 23 283 
370: 34 137 55 142 413 183 221 
371: 69 264 331 429 271 85 
372: 96 136 467 8 275 94 
373: 393 99 396 175 
374: 464 193 179 437 
375: 6 284 309 158 446 
376: 258 470 70 266 459 322 306 54 
377: 347 35 204 151 439 
378: 195 359 297 110 401 177 265 472 441 
379: 201 50 475 340 297 
380: 35 271 
381: 216 57 282 239 
382: 80 391 330 204 365 336 177 82 183 121 126 
383: 388 74 109 402 404 279 476 266 222 
384: 293 299 140 366 178 21 28 
385: 321 324 257 39 15 184 
386: 2 291 6 326 488 429 437 439 120 
387: 51 391 
388: 129 265 330 109 93 383 
389: 428 453 
390: 192 205 174 397 113 499 245 125 95 
391: 387 454 400 337 88 382 
392: 441 291 231 
393: 169 132 252 373 
394: 322 486 361 339 116 280 244 123 348 
395: 32 74 211 5 410 
396: 34 68 327 73 373 213 
397: 480 290 419 390 429 432 120 28 285 
398: 436 301 151 
399: 451 180 173 278 211 
400: 160 391 295 
401: 257 182 297 109 494 432 339 22 378 
402: 66 451 140 364 301 176 383 
403: 33 300 77 242 123 479 
404: 450 133 40 364 488 25 383 
405: 121 455 293 413 
406: 99 260 166 14 466 85 24 441 
407: 73 332 365 47 113 425 
408: 10 333 50 183 60 254 
409: 264 236 248 441 443 285 
410: 65 487 41 395 457 187 445 
411: 480 497 355 119 
412: 363 477 82 469 89 445 
413: 91 264 370 405 315 254 
414: 160 338 62 
415: 482 143 459 207 
416: 194 135 202 450 180 469 246 255 
417: 128 296 211 119 61 479 
418: 365 494 434 436 445 446 
419: 137 397 207 333 343 283 479 
420: 241 268 
421: 27 38 
422: 200 429 231 45 143 
423: 291 338 52 343 442 221 
424: 355 220 147 475 71 
425: 168 200 85 407 
426: 273 251 356 285 135 
427: 456 249 309 470 39 
428: 389 429 462 173 82 280 
429: 192 386 3 293 422 137 428 397 271 371 24 
430: 24 346 58 53 
431: 280 28 154 36 158 
432: 397 494 141 401 434 179 468 216 
433: 51 236 177 147 436 252 477 
434: 226 164 418 432 24 324 
435: 130 131 443 94 
436: 418 398 433 150 349 127 
437: 321 386 131 496 84 374 
438: 164 52 12 
439: 386 40 106 335 272 377 442 63 
440: 240 266 364 
441: 392 409 378 406 295 
442: 289 197 423 462 439 344 
443: 131 356 203 210 435 181 183 152 409 
444: 162 355 296 266 52 282 
445: 320 418 259 167 92 487 332 77 46 309 217 410 412 
446: 448 321 418 463 375 63 
447: 56 481 12 94 39 
448: 202 109 485 446 111 
449: 40 146 307 252 458 
450: 416 98 329 366 404 281 283 
451: 69 359 264 265 399 402 22 120 29 190 
452: 339 349 491 
453: 296 338 455 389 213 
454: 289 131 391 168 247 216 473 126 
455: 296 185 290 405 453 
456: 355 427 151 
457: 297 491 172 333 337 181 137 410 155 
458: 128 449 226 308 261 
459: 160 376 39 216 152 415 
460: 153 132 52 
461: 275 252 366 
462: 263 297 202 428 365 442 348 
463: 66 485 134 337 17 154 446 
464: 1 187 269 374 
465: 120 168 278 103 
466: 265 474 219 406 335 
467: 9 322 364 372 345 
468: 280 340 432 60 485 
469: 416 482 262 233 244 185 412 
470: 376 265 427 126 199 
471: 101 364 271 246 31 317 95 
472: 198 74 365 496 51 378 
473: 256 454 299 110 241 498 184 
474: 466 491 140 261 286 
475: 38 424 203 302 87 379 30 
476: 138 59 270 38 383 
477: 433 171 412 55 
478: 72 299 271 276 215 56 26 
479: 417 2 419 35 403 60 
480: 33 323 486 397 206 243 347 411 
481: 321 245 210 53 251 447 
482: 0 139 140 469 247 351 415 
483: 22 295 
484: 365 95 
485: 448 229 487 366 463 468 
486: 480 291 394 141 305 210 343 312 346 
487: 169 410 348 485 445 
488: 404 386 204 
489: 320 42 141 
490: 26 111 
491: 353 452 69 457 234 23 216 474 
492: 2 357 201 110 304 499 116 309 187 350 
493: 365 303 19 148 277 111 
494: 418 36 265 171 367 432 401 210 51 312 
495: 64 97 100 272 187 126 
496: 292 294 39 437 472 59 
497: 136 290 411 15 
498: 124 330 335 220 473 156 
499: 0 390 106 492 53 89 
