0: 73 263 285 77 
1: 8 250 227 159 
2: 113 250 28 125 294 
3: 193 195 164 297 80 117 278 
4: 224 250 34 270 
5: 113 218 110 142 190 
6: 296 226 15 
7: 256 298 275 269 127 
8: 1 131 261 40 111 251 31 
9: 64 185 20 125 255 
10: 146 260 158 
11: 263 249 175 70 167 
12: 212 180 205 23 
13: 163 103 265 171 147 245 151 253 
14: 147 245 118 111 
15: 258 251 6 104 206 80 242 19 245 91 62 
16: 97 147 262 275 299 81 114 19 85 68 58 
17: 96 68 262 201 108 85 24 123 157 94 
18: 98 136 266 203 50 23 280 94 
19: 164 15 16 51 122 286 
20: 9 196 53 
21: 68 229 166 110 144 30 
22: 160 132 298 267 110 282 
23: 168 12 18 178 181 56 
24: 102 221 17 183 58 29 
25: 281 278 230 103 
26: 267 233 203 114 210 183 255 
27: 256 249 274 44 
28: 268 2 244 237 70 
29: 66 292 136 73 273 24 218 93 286 287 
30: 136 196 180 21 255 
31: 8 266 141 78 111 151 155 
32: 192 33 36 295 147 253 
33: 32 34 134 135 202 45 253 
34: 33 292 236 209 275 4 
35: 65 198 203 114 117 182 284 
36: 32 160 100 141 
37: 154 147 181 182 223 
38: 74 42 221 274 116 143 189 
39: 211 44 254 239 
40: 8 153 275 65 
41: 288 98 166 137 110 206 63 
42: 153 38 
43: 258 51 148 186 71 
44: 39 265 298 213 55 57 27 221 
45: 33 197 193 200 204 112 250 
46: 97 131 180 215 280 284 
47: 232 243 198 
48: 92 105 212 49 255 
49: 48 212 132 109 
50: 256 18 290 
51: 291 43 19 89 123 93 
52: 224 193 229 134 97 257 289 175 
53: 128 196 299 175 20 155 125 
54: 208 266 230 
55: 136 76 44 271 
56: 225 213 23 
57: 257 101 267 44 209 181 92 
58: 262 16 152 24 253 159 
59: 78 
60: 106 147 276 78 
61: 96 260 188 126 
62: 137 115 15 
63: 288 66 228 261 41 152 292 133 
64: 296 201 140 239 82 9 
65: 224 67 230 40 265 138 75 112 35 
66: 229 140 174 272 148 29 63 
67: 192 65 291 100 128 244 280 155 285 
68: 105 205 16 17 21 248 189 
69: 165 210 85 250 71 
70: 99 294 11 205 273 181 28 190 
71: 267 43 284 69 86 
72: 291 108 
73: 0 292 236 77 246 152 251 29 
74: 181 38 213 
75: 65 206 144 113 280 219 
76: 258 99 183 271 214 55 121 124 
77: 0 100 73 156 190 191 
78: 96 193 198 205 212 59 60 31 
79: 161 107 
80: 113 3 172 189 15 
81: 16 172 228 230 127 
82: 64 188 100 149 
83: 176 241 91 
84: 248 96 253 
85: 69 102 266 172 16 17 215 
86: 98 197 135 105 71 249 93 
87: 290 173 241 184 287 284 127 
88: 162 236 213 
89: 152 184 51 270 
90: 202 171 268 274 210 251 
91: 257 138 299 172 15 274 83 212 251 95 
92: 137 268 48 57 93 286 287 
93: 161 194 278 51 86 187 92 29 286 
94: 167 206 17 18 277 183 220 95 
95: 194 165 135 245 119 91 94 
96: 226 233 78 17 84 248 185 251 61 
97: 16 260 52 46 
98: 226 295 41 270 18 86 152 187 
99: 203 76 70 119 
100: 67 36 231 106 77 174 82 212 
101: 57 103 270 217 
102: 197 134 268 276 85 24 
103: 288 101 297 171 13 174 111 180 118 25 
104: 240 201 232 15 
105: 48 193 68 86 
106: 259 100 269 175 60 255 
107: 225 231 79 250 124 157 287 
108: 230 295 72 17 251 252 255 
109: 288 230 208 49 186 188 
110: 225 22 136 41 21 246 219 5 
111: 103 8 265 14 272 200 120 264 31 
112: 65 267 45 246 285 
113: 288 226 132 5 168 75 2 142 80 241 215 187 
114: 16 208 26 35 
115: 241 62 207 
116: 290 294 181 38 
117: 3 259 35 139 
118: 249 14 278 103 
119: 99 237 278 154 95 287 
120: 225 274 159 245 111 
121: 299 76 134 
122: 193 282 19 187 174 
123: 224 177 135 205 17 51 148 249 254 
124: 172 107 76 189 
125: 2 228 9 172 53 219 
126: 258 291 157 252 61 127 
127: 7 296 266 81 242 87 126 
128: 201 67 188 53 
129: 294 234 235 178 211 250 
130: 219 200 209 153 283 188 
131: 8 144 46 286 
132: 113 49 210 180 22 276 
133: 296 172 254 63 
134: 33 102 139 268 237 52 121 
135: 33 297 299 86 216 123 95 
136: 162 233 110 18 243 55 282 29 30 
137: 41 170 254 92 221 62 
138: 185 298 91 273 65 
139: 134 166 202 117 250 157 
140: 64 66 211 252 
141: 161 290 36 175 211 247 286 31 
142: 113 180 5 
143: 234 38 
144: 162 131 150 198 231 170 75 258 21 246 
145: 297 243 278 
146: 10 251 212 250 278 
147: 32 37 284 13 14 16 179 60 
148: 66 197 265 43 152 123 229 
149: 291 266 268 82 249 154 
150: 258 228 295 144 276 217 187 
151: 13 31 
152: 98 197 263 73 148 89 58 63 
153: 40 42 130 
154: 161 37 295 149 119 188 
155: 67 233 202 272 53 31 255 
156: 205 174 77 173 269 184 285 
157: 224 139 107 207 17 126 
158: 176 273 218 244 10 
159: 120 1 58 281 
160: 195 164 202 227 22 36 218 
161: 162 260 141 79 154 283 93 
162: 224 161 136 144 88 285 254 
163: 13 
164: 160 3 197 296 19 185 
165: 69 231 269 184 250 220 95 
166: 290 139 41 267 21 221 
167: 11 179 94 263 
168: 195 233 113 210 23 184 
169: 240 243 229 
170: 144 137 194 
171: 90 13 253 103 
172: 187 133 80 81 85 91 124 125 293 
173: 156 87 
174: 66 100 198 103 122 156 
175: 290 106 11 141 207 52 53 214 189 213 
176: 258 83 234 158 183 
177: 123 
178: 232 129 210 265 23 
179: 224 167 205 210 147 245 
180: 132 103 299 12 46 248 142 184 30 
181: 37 70 74 235 274 116 23 57 251 253 
182: 257 259 37 232 35 244 247 
183: 76 176 279 24 26 94 223 
184: 165 168 298 180 87 89 156 
185: 96 257 164 293 9 138 
186: 193 291 260 246 231 43 109 214 248 
187: 224 98 172 113 150 122 93 
188: 128 130 294 109 82 215 154 220 61 
189: 68 38 265 235 175 80 124 
190: 244 77 70 5 
191: 296 252 77 237 
192: 32 248 67 221 195 
193: 289 3 262 105 45 78 52 281 186 283 122 
194: 289 170 93 95 
195: 160 192 3 198 263 168 
196: 255 20 53 30 239 
197: 164 102 45 238 148 86 152 
198: 272 195 297 78 47 144 35 174 
199: 202 267 292 277 286 
200: 289 226 130 45 111 213 
201: 64 128 104 17 277 215 284 
202: 160 33 199 139 90 155 
203: 35 293 239 18 99 26 
204: 212 45 287 
205: 68 70 275 12 237 78 179 123 156 
206: 232 41 75 15 213 94 
207: 289 257 239 115 215 218 175 157 
208: 289 114 109 54 238 
209: 34 262 235 130 243 57 
210: 225 132 69 168 240 178 179 26 284 90 
211: 129 140 141 39 
212: 100 12 204 78 239 48 49 146 91 
213: 200 74 44 206 175 56 88 
214: 232 186 76 175 
215: 241 201 269 46 207 113 85 282 239 188 
216: 282 261 135 
217: 101 150 
218: 160 290 5 238 207 272 29 158 
219: 256 130 235 75 110 125 
220: 298 188 165 94 
221: 192 166 38 137 44 239 24 
222: 265 
223: 283 37 183 
224: 65 162 123 4 179 52 187 157 
225: 107 110 120 210 246 56 
226: 200 113 98 6 96 
227: 160 1 293 241 
228: 81 274 150 249 125 63 
229: 66 261 169 271 148 21 52 
230: 65 108 109 81 54 25 
231: 144 186 107 100 165 
232: 182 104 268 206 47 178 275 214 
233: 96 267 136 299 168 26 155 
234: 176 265 129 143 
235: 129 291 268 209 181 219 189 
236: 289 34 291 73 88 250 287 
237: 293 134 205 119 28 191 
238: 208 218 197 
239: 64 196 39 203 207 241 212 215 221 254 
240: 104 169 210 
241: 115 227 87 239 113 83 215 
242: 274 127 255 15 
243: 209 136 169 47 145 282 
244: 67 295 190 182 279 28 158 
245: 13 14 15 179 120 95 
246: 144 225 264 73 263 110 112 186 
247: 289 141 182 
248: 96 192 68 180 84 186 
249: 123 228 86 11 272 149 118 279 27 
250: 1 2 139 4 165 129 107 236 45 146 69 
251: 96 8 73 108 15 146 181 90 91 
252: 108 140 126 191 
253: 32 33 171 13 84 181 58 277 
254: 162 133 39 137 239 123 286 
255: 196 9 106 108 48 242 26 155 30 
256: 50 27 219 7 
257: 207 52 182 185 57 91 
258: 144 265 43 76 15 176 150 126 
259: 296 106 117 182 
260: 97 10 61 186 161 
261: 8 216 292 229 63 
262: 16 17 209 58 193 
263: 0 195 167 11 272 246 152 
264: 246 111 
265: 65 258 234 44 13 111 178 148 189 222 
266: 31 127 18 85 54 283 149 
267: 166 71 233 199 112 22 57 26 
268: 102 134 232 92 235 149 90 28 
269: 165 7 106 215 156 285 
270: 89 98 4 101 
271: 76 229 55 
272: 66 198 263 111 249 218 155 
273: 138 283 29 70 158 
274: 288 27 228 38 242 181 120 90 91 
275: 34 7 232 290 205 16 40 
276: 132 60 102 150 
277: 201 297 253 94 199 
278: 3 145 146 118 119 25 93 
279: 249 244 183 
280: 289 75 67 18 46 
281: 193 159 25 
282: 136 243 22 215 216 122 
283: 161 130 193 297 266 273 223 
284: 35 294 71 201 46 210 147 87 
285: 0 162 67 269 112 156 
286: 131 199 141 29 19 92 93 254 
287: 295 236 107 204 119 87 92 29 
288: 103 41 109 113 274 63 
289: 193 194 200 236 207 208 52 247 280 
290: 166 141 175 50 275 116 87 218 
291: 67 72 235 236 51 149 186 126 
292: 34 261 294 199 73 29 63 
293: 185 227 172 237 203 
294: 129 2 292 70 284 116 188 
295: 32 98 299 108 244 150 154 287 
296: 64 259 164 133 6 127 191 
297: 3 198 103 135 145 277 283 
298: 7 138 44 22 184 220 
299: 295 233 135 16 180 53 121 91 
