0: 2 43 10 30 
1: 8 44 23 
2: 0 6 8 43 20 25 
3: 32 4 8 43 44 15 
4: 19 33 3 47 
5: 49 40 43 12 13 15 8 22 47 
6: 2 18 15 
7: 40 17 38 49 
8: 1 2 3 36 5 11 45 16 24 37 
9: 34 36 39 42 14 25 26 
10: 0 34 44 21 
11: 33 35 8 44 49 24 30 
12: 34 37 20 24 26 5 
13: 36 5 18 19 23 28 30 
14: 38 39 9 43 44 20 
15: 3 5 6 40 44 48 22 26 
16: 8 38 
17: 32 33 28 46 7 
18: 6 41 13 23 24 31 
19: 34 4 37 40 44 45 13 
20: 32 2 42 12 46 14 
21: 49 10 23 
22: 38 36 5 30 15 
23: 1 42 13 18 21 26 27 
24: 32 8 11 12 40 18 
25: 9 2 27 36 31 
26: 9 43 12 15 23 28 29 31 
27: 25 42 23 
28: 34 35 39 41 13 47 17 26 
29: 41 26 46 38 
30: 0 11 13 22 45 
31: 39 42 49 18 25 26 
32: 24 17 34 3 20 
33: 34 4 49 40 11 17 
34: 32 33 9 10 12 19 28 42 
35: 48 49 11 28 46 
36: 38 8 9 43 13 47 22 25 
37: 8 41 19 12 
38: 36 7 14 16 22 29 
39: 48 9 28 14 31 
40: 33 5 7 15 19 24 47 
41: 18 43 28 29 37 
42: 34 9 20 23 27 31 
43: 0 2 3 36 5 41 44 45 14 47 26 
44: 3 1 11 10 43 14 15 19 
45: 8 43 19 30 
46: 17 35 20 29 
47: 4 5 40 43 49 36 28 
48: 39 35 15 
49: 33 35 5 7 11 47 21 31 
