0: 39 9 43 44 20 56 57 59 28 
1: 35 4 42 47 57 25 26 
2: 32 7 40 43 15 58 31 
3: 34 36 7 40 39 48 21 54 56 59 
4: 1 51 45 59 5 
5: 40 9 27 4 46 
6: 32 40 20 13 54 
7: 2 3 39 44 14 52 46 54 
8: 42 43 52 14 46 
9: 0 26 38 5 22 
10: 48 37 11 16 18 20 
11: 25 10 17 41 23 
12: 36 40 18 20 53 52 59 21 
13: 48 6 47 
14: 8 25 39 37 7 
15: 24 56 2 18 
16: 57 10 46 49 
17: 11 46 49 19 20 23 29 
18: 33 40 41 10 12 15 59 
19: 17 51 44 
20: 0 6 40 10 12 45 17 21 23 24 29 
21: 3 12 27 20 59 28 
22: 32 9 43 46 41 25 
23: 48 17 11 20 46 
24: 32 33 42 15 20 54 31 
25: 1 38 11 45 14 22 59 
26: 1 9 
27: 36 5 38 53 56 21 
28: 0 41 50 21 38 
29: 48 17 20 30 
30: 34 37 51 53 56 29 
31: 24 32 2 59 
32: 2 22 6 54 24 31 
33: 24 56 18 47 
34: 3 37 41 43 49 30 
35: 40 1 51 44 55 
36: 27 3 12 45 38 
37: 34 10 44 14 48 57 30 
38: 59 36 9 25 57 27 28 
39: 0 3 7 14 49 54 
40: 2 3 5 6 12 18 35 20 57 
41: 34 11 47 18 52 22 57 28 
42: 8 24 47 1 
43: 0 2 8 34 22 58 
44: 0 35 37 7 19 59 
45: 20 4 36 25 
46: 5 7 8 16 17 22 23 
47: 33 1 41 42 13 50 52 
48: 3 37 10 13 53 54 23 29 
49: 16 17 34 39 57 
50: 52 28 47 
51: 19 59 35 4 30 
52: 7 8 41 12 47 50 57 
53: 48 27 12 30 55 
54: 32 3 6 39 7 48 24 57 58 
55: 35 53 
56: 0 33 3 15 27 30 
57: 0 1 37 38 40 41 16 49 52 54 
58: 2 43 54 
59: 0 3 4 38 44 12 18 51 21 25 31 
